    0.0029014425      0.52359878    0.0037237124
    0.0076764953       1.2373232    0.0014890606
     0.013296080       1.3806707     0.013696050
     0.019026031       1.4383417    0.0031674910
     0.024789936       1.4692613     0.012232069
     0.030568593       1.4885040    0.0043667996
     0.036354970       1.5016248     0.017696046
     0.042145887       1.5111413     0.051706731
     0.047939698       1.5183581    0.0051259389
     0.053735467       1.5240183    0.0094072439
     0.059532623       1.5285763     0.012289285
     0.065330796       1.5323253     0.032668343
    0.0076764953     -0.19012560    0.0038559603
    0.0087043275      0.52359878     0.015649983
     0.012647095      0.93223663     0.019210057
     0.017648786       1.1294899    0.0067853385
     0.023029486       1.2373232     0.027189361
     0.028575895       1.3038422     0.036323958
     0.034207502       1.3486067    0.0039610565
     0.039888240       1.3806707     0.038741230
     0.045599748       1.4047223     0.010092514
     0.051331758       1.4234114    0.0098588219
     0.057078092       1.4383417     0.018027299
     0.062834822       1.4505387    0.0059896061
     0.013296080     -0.33347317     0.016250858
     0.012647095      0.11496092     0.021026329
     0.014507212      0.52359878     0.020223685
     0.018119503      0.80463368     0.015914484
     0.022660990      0.98313530    0.0015527385
     0.027677997       1.0996358     0.010357433
     0.032954052       1.1796521     0.010162990
     0.038382476       1.2373232     0.012369525
     0.043906792       1.2805974    0.0014653934
     0.049494901       1.3141517    0.0012429685
     0.055127407       1.3408745    0.0042810884
     0.060791971       1.3626305     0.010191151
     0.019026031     -0.39114418    0.0097005392
     0.017648786    -0.082292343     0.024174817
     0.018119503      0.24256387    0.0046127942
     0.020310097      0.52359878     0.027518880
     0.023749330      0.73681429     0.024392692
     0.027980498      0.89102068     0.019696951
     0.032697596       1.0028152    0.0099694544
     0.037718752       1.0856686   0.00060398310
     0.042937428       1.1487325    0.0072169591
     0.048289627       1.1979787     0.016044871
     0.053735467       1.2373232    0.0051938810
     0.059249132       1.2693872     0.017999333
     0.024789936     -0.42206380     0.035492834
     0.023029486     -0.19012560     0.030338742
     0.022660990     0.064062249    0.0057588724
     0.023749330      0.31038327     0.010365724
     0.026112982      0.52359878    0.0099591582
     0.029446425      0.69510233     0.034705213
     0.033461067      0.82868530     0.011139406
     0.037941284      0.93223663     0.029065053
     0.042740917       1.0132488    0.0017069586
     0.047763772       1.0775751     0.030480978
     0.052946357       1.1294899     0.031562686
     0.058246052       1.1720556    0.0062824646
     0.030568593     -0.44130643     0.019316085
     0.028575895     -0.25664466    0.0083284634
     0.027677997    -0.052438271     0.030450875
     0.027980498      0.15617687     0.013172964
     0.029446425      0.35209522   0.00066332067
     0.031915867      0.52359878     0.036017385
     0.035178121      0.66694634     0.026825451
     0.039034916      0.78401695     0.032416668
     0.043327776      0.87899313     0.011237848
     0.047939698      0.95628825     0.022783657
     0.052787119       1.0197116     0.013828278
     0.057810832       1.0722945     0.053103292
     0.036354970     -0.45442728    0.0065753409
     0.034207502     -0.30140915     0.017806430
     0.032954052     -0.13245460    0.0084599974
     0.032697596     0.044382395    0.0010987897
     0.033461067      0.21851225    0.0014653203
     0.035178121      0.38025121    0.0062162767
     0.037718752      0.52359878     0.017079428
     0.040929883      0.64669121     0.055857930
     0.044667139      0.75055985     0.011512764
     0.048809818      0.83761316    0.0067242047
     0.053263404      0.91058938     0.038224192
     0.057956268      0.97203287     0.012412316
     0.042145887     -0.46394375    0.0048532200
     0.039888240     -0.33347317     0.030225064
     0.038382476     -0.19012560     0.010014451
     0.037718752    -0.038471027    0.0075297348
     0.037941284      0.11496092     0.029375495
     0.039034916      0.26318061    0.0075235047
     0.040929883      0.40050634    0.0079449922
     0.043521637      0.52359878    0.0013300764
     0.046694298      0.63143204     0.017895648
     0.050338146      0.72461735     0.043356151
     0.054358508      0.80463368     0.013464275
     0.058678043      0.87325792    0.0021827425
     0.047939698     -0.47116050     0.013306506
     0.045599748     -0.35752479     0.023414414
     0.043906792     -0.23339984    0.0056269598
     0.042937428     -0.10153498    0.0069536672
     0.042740917     0.033948732    0.0027720584
     0.043327776      0.16820442    0.0029478431
     0.044667139      0.29663770     0.023813974
     0.046694298      0.41576552     0.029533346
     0.049324522      0.52359878     0.032704978
     0.052467195      0.61952847     0.024153661
     0.056036162      0.70393909     0.027556242
     0.059955345      0.77778663     0.021035725
     0.053735467     -0.47682074     0.027500844
     0.051331758     -0.37621381     0.022692143
     0.049494901     -0.26695412     0.013478297
     0.048289627     -0.15078113     0.029078330
     0.047763772    -0.030377509     0.032307929
     0.047939698     0.090909298     0.035782410
     0.048809818      0.20958439     0.022892762
     0.050338146      0.32258020    0.0019441805
     0.052467195      0.42766908     0.027450721
     0.055127407      0.52359878    0.0099313634
     0.058246052      0.60998578    0.0068024292
     0.061753712      0.68708375     0.015633821
     0.059532623     -0.48137874     0.010564485
     0.057078092     -0.39114418     0.025765819
     0.055127407     -0.29367693     0.023504110
     0.053735467     -0.19012560     0.014640085
     0.052946357    -0.082292343     0.028198166
     0.052787119     0.027485946     0.010736256
     0.053263404      0.13660817     0.010241709
     0.054358508      0.24256387     0.011636203
     0.056036162      0.34325846    0.0035922652
     0.058246052      0.43721177    0.0031881962
     0.060930292      0.52359878     0.032148213
     0.064029255      0.60216630     0.035656721
     0.065330796     -0.48512775     0.014976469
     0.062834822     -0.40334111     0.040520706
     0.060791971     -0.31543293     0.011967352
     0.059249132     -0.22218963     0.019268941
     0.058246052     -0.12485803     0.032467990
     0.057810832    -0.025096915    0.0068635950
     0.057956268     0.075164683     0.032329684
     0.058678043      0.17393963     0.015397869
     0.059955345      0.26941092     0.046831842
     0.061753712      0.36011380    0.0075003887
     0.064029255      0.44503126     0.043740767
     0.066733177      0.52359878     0.018216921
    0.0029014425       2.6179939     0.010206252
    0.0076764953      -2.9514671     0.015047452
     0.013296080      -2.8081195     0.017168351
     0.019026031      -2.7504485    0.0073333145
     0.024789936      -2.7195289    0.0076769011
     0.030568593      -2.7002862     0.019444714
     0.036354970      -2.6871654     0.029430288
     0.042145887      -2.6776489    0.0055236382
     0.047939698      -2.6704321     0.025751853
     0.053735467      -2.6647719     0.052898865
     0.059532623      -2.6602139     0.043265049
     0.065330796      -2.6564649     0.012734354
    0.0076764953       1.9042695     0.014647254
    0.0087043275       2.6179939     0.023534299
     0.012647095       3.0266317     0.010858991
     0.017648786      -3.0593003     0.031006518
     0.023029486      -2.9514671     0.017137292
     0.028575895      -2.8849480     0.020179185
     0.034207502      -2.8401835    0.0067400408
     0.039888240      -2.8081195     0.010091910
     0.045599748      -2.7840679     0.027433700
     0.051331758      -2.7653788     0.027755620
     0.057078092      -2.7504485    0.0096790462
     0.062834822      -2.7382515    0.0046366471
     0.013296080       1.7609219     0.013802500
     0.012647095       2.2093560     0.017685805
     0.014507212       2.6179939    0.0026659540
     0.018119503       2.8990288    0.0019141352
     0.022660990       3.0775304     0.019460507
     0.027677997      -3.0891544     0.020542644
     0.032954052      -3.0091381     0.014572852
     0.038382476      -2.9514671     0.012125655
     0.043906792      -2.9081928    0.0034727687
     0.049494901      -2.8746385     0.030105266
     0.055127407      -2.8479157    0.0069761903
     0.060791971      -2.8261597    0.0019035365
     0.019026031       1.7032509     0.016300399
     0.017648786       2.0121028     0.050113112
     0.018119503       2.3369590    0.0050270467
     0.020310097       2.6179939     0.013616770
     0.023749330       2.8312094     0.018109633
     0.027980498       2.9854158     0.011569497
     0.032697596       3.0972103     0.028736757
     0.037718752      -3.1031216     0.025240794
     0.042937428      -3.0400577    0.0072233743
     0.048289627      -2.9908115    0.0042366516
     0.053735467      -2.9514671     0.018590147
     0.059249132      -2.9194030     0.029675810
     0.024789936       1.6723313     0.050460150
     0.023029486       1.9042695     0.013802182
     0.022660990       2.1584574    0.0058614123
     0.023749330       2.4047784     0.018839324
     0.026112982       2.6179939     0.062437534
     0.029446425       2.7894974     0.012028145
     0.033461067       2.9230804    0.0083565384
     0.037941284       3.0266317     0.012452191
     0.042740917       3.1076439    0.0096590026
     0.047763772      -3.1112151     0.023016137
     0.052946357      -3.0593003     0.041647931
     0.058246052      -3.0167346    0.0052617898
     0.030568593       1.6530887    0.0057055653
     0.028575895       1.8377504    0.0057562953
     0.027677997       2.0419568     0.020124391
     0.027980498       2.2505720     0.016737358
     0.029446425       2.4464903    0.0035804384
     0.031915867       2.6179939     0.039481848
     0.035178121       2.7613414     0.030528593
     0.039034916       2.8784120    0.0049782663
     0.043327776       2.9733882     0.015448954
     0.047939698       3.0506834     0.040510528
     0.052787119       3.1141067     0.020630777
     0.057810832      -3.1164957    0.0037170112
     0.036354970       1.6399678    0.0047137624
     0.034207502       1.7929860     0.032228605
     0.032954052       1.9619405     0.024672422
     0.032697596       2.1387775     0.019431835
     0.033461067       2.3129074    0.0082860164
     0.035178121       2.4746463     0.025359867
     0.037718752       2.6179939    0.0065159214
     0.040929883       2.7410863    0.0024761338
     0.044667139       2.8449550     0.042646109
     0.048809818       2.9320083     0.017947400
     0.053263404       3.0049845     0.019416724
     0.057956268       3.0664280    0.0089418483
     0.042145887       1.6304514     0.011754021
     0.039888240       1.7609219    0.0015394784
     0.038382476       1.9042695     0.013405896
     0.037718752       2.0559241    0.0096194632
     0.037941284       2.2093560    0.0085939455
     0.039034916       2.3575757     0.020136161
     0.040929883       2.4949014     0.033053269
     0.043521637       2.6179939     0.064263115
     0.046694298       2.7258271     0.010612382
     0.050338146       2.8190125     0.019708137
     0.054358508       2.8990288     0.014527180
     0.058678043       2.9676530    0.0036873113
     0.047939698       1.6232346    0.0010029176
     0.045599748       1.7368703     0.012811410
     0.043906792       1.8609953    0.0058146383
     0.042937428       1.9928601     0.014237634
     0.042740917       2.1283438     0.033143220
     0.043327776       2.2625995     0.015607407
     0.044667139       2.3910328     0.013456213
     0.046694298       2.5101606     0.021751215
     0.049324522       2.6179939     0.019310033
     0.052467195       2.7139236     0.049075358
     0.056036162       2.7983342     0.015802648
     0.059955345       2.8721817    0.0068654720
     0.053735467       1.6175744     0.015448198
     0.051331758       1.7181813     0.013713555
     0.049494901       1.8274410     0.071820560
     0.048289627       1.9436140    0.0015538851
     0.047763772       2.0640176     0.026254039
     0.047939698       2.1853044     0.019733794
     0.048809818       2.3039795    0.0041631076
     0.050338146       2.4169753    0.0019858794
     0.052467195       2.5220642     0.013255313
     0.055127407       2.6179939    0.0078703266
     0.058246052       2.7043809    0.0024671515
     0.061753712       2.7814789    0.0069259413
     0.059532623       1.6130164    0.0055879921
     0.057078092       1.7032509    0.0097571487
     0.055127407       1.8007182     0.017747411
     0.053735467       1.9042695     0.014252420
     0.052946357       2.0121028     0.038506149
     0.052787119       2.1218810     0.071584189
     0.053263404       2.2310033     0.016276415
     0.054358508       2.3369590    0.0038907379
     0.056036162       2.4376536     0.029868392
     0.058246052       2.5316069    0.0075952783
     0.060930292       2.6179939     0.013474503
     0.064029255       2.6965614     0.013115594
     0.065330796       1.6092674     0.044820831
     0.062834822       1.6910540    0.0043066352
     0.060791971       1.7789622     0.031183373
     0.059249132       1.8722055    0.0028559494
     0.058246052       1.9695371     0.018244372
     0.057810832       2.0692982     0.023191206
     0.057956268       2.1695598    0.0081992978
     0.058678043       2.2683347    0.0036005818
     0.059955345       2.3638060    0.0084906212
     0.061753712       2.4545089     0.022787521
     0.064029255       2.5394264    0.0049525828
     0.066733177       2.6179939    0.0012164693
    0.0029014425      -1.5707963    0.0027625483
    0.0076764953     -0.85707195     0.029325535
     0.013296080     -0.71372438     0.014828874
     0.019026031     -0.65605337     0.029448950
     0.024789936     -0.62513375     0.026581381
     0.030568593     -0.60589112     0.044217799
     0.036354970     -0.59277027     0.010995372
     0.042145887     -0.58325380     0.012537946
     0.047939698     -0.57603705     0.017173902
     0.053735467     -0.57037681   0.00057830709
     0.059532623     -0.56581881     0.017511990
     0.065330796     -0.56206980    0.0043618993
    0.0076764953      -2.2845207    0.0065643177
    0.0087043275      -1.5707963     0.042730817
     0.012647095      -1.1621585     0.022451360
     0.017648786     -0.96490521     0.049403538
     0.023029486     -0.85707195    0.0095297653
     0.028575895     -0.79055289     0.017886090
     0.034207502     -0.74578840     0.014605904
     0.039888240     -0.71372438     0.052683367
     0.045599748     -0.68967276    0.0036909301
     0.051331758     -0.67098374    0.0049820083
     0.057078092     -0.65605337     0.011652941
     0.062834822     -0.64385644     0.018735372
     0.013296080      -2.4278683     0.032568833
     0.012647095      -1.9794342    0.0015165302
     0.014507212      -1.5707963    0.0042175982
     0.018119503      -1.2897614     0.026100213
     0.022660990      -1.1112598     0.072428326
     0.027677997     -0.99475928    0.0072170793
     0.032954052     -0.91474295    0.0010580983
     0.038382476     -0.85707195     0.038494393
     0.043906792     -0.81379771     0.025735790
     0.049494901     -0.78024343    0.0064698132
     0.055127407     -0.75352062     0.010495792
     0.060791971     -0.73176462     0.031292889
     0.019026031      -2.4855393     0.011412016
     0.017648786      -2.1766874    0.0065413395
     0.018119503      -1.8518312    0.0029643177
     0.020310097      -1.5707963    0.0057995935
     0.023749330      -1.3575808     0.023862936
     0.027980498      -1.2033744    0.0046527792
     0.032697596      -1.0915799     0.018093942
     0.037718752      -1.0087265     0.033178912
     0.042937428     -0.94566257     0.013141160
     0.048289627     -0.89641642     0.035287929
     0.053735467     -0.85707195     0.014376380
     0.059249132     -0.82500793     0.017446981
     0.024789936      -2.5164589     0.032239485
     0.023029486      -2.2845207    0.0068749412
     0.022660990      -2.0303329     0.024879991
     0.023749330      -1.7840118     0.030052335
     0.026112982      -1.5707963     0.017871522
     0.029446425      -1.3992928    0.0023654111
     0.033461067      -1.2657098    0.0015353318
     0.037941284      -1.1621585    0.0042879751
     0.042740917      -1.0811463     0.024675244
     0.047763772      -1.0168200     0.021457784
     0.052946357     -0.96490521     0.014549944
     0.058246052     -0.92233952   0.00079521321
     0.030568593      -2.5357015     0.012327724
     0.028575895      -2.3510398     0.022498523
     0.027677997      -2.1468334     0.011700032
     0.027980498      -1.9382182     0.039773545
     0.029446425      -1.7422999    0.0037160051
     0.031915867      -1.5707963     0.019775933
     0.035178121      -1.4274488    0.0092462194
     0.039034916      -1.3103782    0.0043960826
     0.043327776      -1.2154020   0.00096940670
     0.047939698      -1.1381068     0.071805129
     0.052787119      -1.0746835     0.013803331
     0.057810832      -1.0221006     0.012202802
     0.036354970      -2.5488224    0.0027438466
     0.034207502      -2.3958043     0.018524449
     0.032954052      -2.2268497     0.019797224
     0.032697596      -2.0500127     0.012991506
     0.033461067      -1.8758829    0.0040581096
     0.035178121      -1.7141439     0.015685466
     0.037718752      -1.5707963     0.012127152
     0.040929883      -1.4477039     0.014178769
     0.044667139      -1.3438352     0.013381252
     0.048809818      -1.2567819     0.014336066
     0.053263404      -1.1838057    0.0051738067
     0.057956268      -1.1223622    0.0099804951
     0.042145887      -2.5583389   0.00039987513
     0.039888240      -2.4278683    0.0045422893
     0.038382476      -2.2845207     0.039479641
     0.037718752      -2.1328661    0.0084383347
     0.037941284      -1.9794342    0.0063353080
     0.039034916      -1.8312145     0.039900168
     0.040929883      -1.6938888     0.016091185
     0.043521637      -1.5707963   0.00078631221
     0.046694298      -1.4629631     0.012870614
     0.050338146      -1.3697778     0.026854544
     0.054358508      -1.2897614    0.0042828785
     0.058678043      -1.2211372    0.0072989998
     0.047939698      -2.5655556     0.011078411
     0.045599748      -2.4519199     0.010285554
     0.043906792      -2.3277949     0.016085771
     0.042937428      -2.1959301     0.016182331
     0.042740917      -2.0604464    0.0062817177
     0.043327776      -1.9261907     0.020012766
     0.044667139      -1.7977574     0.024609236
     0.046694298      -1.6786296    0.0069380803
     0.049324522      -1.5707963     0.015035503
     0.052467195      -1.4748666     0.014881953
     0.056036162      -1.3904560     0.015253735
     0.059955345      -1.3166085     0.015248618
     0.053735467      -2.5712158     0.013135449
     0.051331758      -2.4706089     0.015106739
     0.049494901      -2.3613492     0.010603704
     0.048289627      -2.2451762   0.00046971163
     0.047763772      -2.1247726     0.031875945
     0.047939698      -2.0034858    0.0030710389
     0.048809818      -1.8848107     0.012105071
     0.050338146      -1.7718149     0.010933980
     0.052467195      -1.6667260     0.014023126
     0.055127407      -1.5707963     0.011098148
     0.058246052      -1.4844093    0.0027136618
     0.061753712      -1.4073114     0.025426825
     0.059532623      -2.5757738     0.016843622
     0.057078092      -2.4855393     0.020167071
     0.055127407      -2.3880720     0.031152924
     0.053735467      -2.2845207     0.010082396
     0.052946357      -2.1766874    0.0081932132
     0.052787119      -2.0669092     0.010463871
     0.053263404      -1.9577869     0.030422601
     0.054358508      -1.8518312     0.017693948
     0.056036162      -1.7511366    0.0074414136
     0.058246052      -1.6571833    0.0066198020
     0.060930292      -1.5707963     0.012564589
     0.064029255      -1.4922288     0.029904782
     0.065330796      -2.5795229     0.021788826
     0.062834822      -2.4977362    0.0069097794
     0.060791971      -2.4098280     0.014425908
     0.059249132      -2.3165847     0.016334488
     0.058246052      -2.2192531     0.048581787
     0.057810832      -2.1194920     0.018231933
     0.057956268      -2.0192304     0.060167750
     0.058678043      -1.9204555     0.015264654
     0.059955345      -1.8249842    0.0040114851
     0.061753712      -1.7342813     0.022166566
     0.064029255      -1.6493638    0.0085848661
     0.066733177      -1.5707963     0.015919595
      0.12313197       1.0354154     0.029730179
      0.12815708       1.0585177    0.0063120246
      0.13324541       1.0798661     0.029187350
      0.13838999       1.0996358    0.0057518621
      0.14358476       1.1179818     0.035164617
      0.14882449       1.1350413    0.0039885927
      0.15410457       1.1509362    0.0023416845
      0.15942100       1.1657744    0.0041707458
      0.16477026       1.1796521    0.0096135599
      0.17014926       1.1926548     0.012857642
      0.17555525       1.2048586     0.023233577
      0.18098583       1.2163317    0.0016599467
      0.12333690      0.98835228     0.016518936
      0.12822275       1.0132488     0.014218566
      0.13318222       1.0363046    0.0060331635
      0.13820737       1.0576944     0.010550913
      0.14329131       1.0775751    0.0069914534
      0.14842800       1.0960866    0.0034897303
      0.15361213       1.1133542     0.016904930
      0.15883907       1.1294899     0.028611260
      0.16410473       1.1445938     0.025927720
      0.16940548       1.1587556     0.057614209
      0.17473815       1.1720556     0.012032373
      0.18009990       1.1845657     0.015514939
      0.12381377      0.94154846     0.018479762
      0.12855060      0.96811865    0.0019005713
      0.13337171      0.99278431     0.029658614
      0.13826827       1.0157161     0.027649904
      0.14323255       1.0370689     0.030431961
      0.14825775       1.0569828     0.017854694
      0.15333787       1.0755842     0.026273693
      0.15846764       1.0929870     0.019050667
      0.16364239       1.1092938     0.027126082
      0.16885797       1.1245971     0.022758170
      0.17411073       1.1389803     0.022249080
      0.17939739       1.1525184    0.0035676185
      0.12455944      0.89520435     0.031316444
      0.12913864      0.92330877     0.016720684
      0.13381282      0.94946926     0.032997932
      0.13857236      0.97384843     0.066483761
      0.14340877      0.99659602     0.047391243
      0.14831452       1.0178492     0.037062729
      0.15328296       1.0377331     0.016141763
      0.15830819       1.0563616     0.012484806
      0.16338496       1.0738382    0.0034867728
      0.16850863       1.0902568    0.0077190078
      0.17367503       1.1057025    0.0059408230
      0.17888046       1.1202526    0.0022083273
      0.12556912      0.84950855     0.032408471
      0.12998333      0.87899313    0.0046194378
      0.13450306      0.90651878     0.014734725
      0.13911804      0.93223663     0.024600149
      0.14381909      0.95628825     0.021957507
      0.14859805      0.97880520     0.020165447
      0.15344764      0.99990904    0.0083583804
      0.15836136       1.0197116     0.021921437
      0.16333343       1.0383155    0.0077457148
      0.16835869       1.0558145     0.025055564
      0.17343250       1.0722945     0.014458838
      0.17855073       1.0878336    0.0032028350
      0.12683652      0.80463368     0.024724159
      0.13107971      0.83533415     0.016028129
      0.13543864      0.86408418    0.0054907512
      0.13990249      0.89102068     0.012177681
      0.14446154      0.91627438     0.023394545
      0.14910705      0.93996885   0.00052131644
      0.15383119      0.96221986     0.014380227
      0.15862693      0.98313530     0.032140852
      0.16348798       1.0028152     0.027356478
      0.16840868       1.0213518     0.018496807
      0.17338395       1.0388304    0.0067700888
      0.17840922       1.0553291    0.0013609390
      0.12835399      0.76073308     0.048663828
      0.13242153      0.79247953     0.024949666
      0.13661451      0.82230583     0.018702816
      0.14092172      0.85033255    0.0050925566
      0.14533302      0.87667756     0.018712249
      0.14983921      0.90145434    0.0022385689
      0.15443199      0.92477103     0.024270634
      0.15910385      0.94672976     0.013749061
      0.16384803      0.96742638     0.013371244
      0.16865843      0.98695037     0.040549723
      0.17352955       1.0053850    0.0040293370
      0.17845640       1.0228073     0.016036362
      0.13011279      0.71793859    0.0049457784
      0.13400142      0.75055985    0.0025510815
      0.13802452      0.78131062    0.0065564076
      0.14217068      0.81029391     0.011025263
      0.14642945      0.83761316    0.0057236030
      0.15079129      0.86337023     0.030209356
      0.15524751      0.88766401    0.0014498984
      0.15979021      0.91058938    0.0030532794
      0.16441223      0.93223663    0.0088189817
      0.16910706      0.95269107     0.013041268
      0.17386881      0.97203287     0.012729655
      0.17869211      0.99033705    0.0023762797
      0.13210329      0.67635939    0.0077859251
      0.13581107      0.70968699     0.013412378
      0.13966159      0.74121033    0.0027340755
      0.14364338      0.77101429   0.00039505023
      0.14774583      0.79918703    0.0094694106
      0.15195916      0.82581767    0.0095548552
      0.15627440      0.85099465     0.013455975
      0.16068334      0.87480440     0.027035537
      0.16517849      0.89733044     0.013335968
      0.16975298      0.91865275     0.029264792
      0.17440059      0.93884742     0.022276636
      0.17911561      0.95798634     0.032370285
      0.13431517      0.63608180     0.010961800
      0.13784142      0.66995337     0.026497267
      0.14151784      0.70210040    0.0097756848
      0.14533302      0.73258980     0.012191550
      0.14927633      0.76149408     0.018496596
      0.15333787      0.78888906    0.0068647263
      0.15750851      0.81485191     0.018224759
      0.16177981      0.83945969     0.022618844
      0.16614400      0.86278822    0.0027450720
      0.17059396      0.88491123    0.0030693729
      0.17512315      0.90589974     0.016944721
      0.17972557      0.92582172    0.0022553463
      0.13673769      0.59717004    0.0041113421
      0.14008289      0.63143204     0.018548633
      0.14358476      0.66405960    0.0059790721
      0.14723213      0.69510233     0.019462056
      0.15101444      0.72461735     0.041842644
      0.15492181      0.75266697     0.014491741
      0.15894503      0.77931671     0.026098392
      0.16307552      0.80463368    0.0072541862
      0.16730534      0.82868530     0.025352811
      0.17162713      0.85153830    0.0083890828
      0.17603413      0.87325792   0.00079195220
      0.18052009      0.89390742   0.00053671601
      0.13935988      0.55966752     0.047002152
      0.14252552      0.59417730     0.016436466
      0.14585341      0.62715011    0.0095388322
      0.14933271      0.65861937     0.017525727
      0.15295308      0.68862746     0.030799805
      0.15670476      0.71722346    0.0038741889
      0.16057853      0.74446116     0.017152126
      0.16456577      0.77039747    0.0013138154
      0.16865843      0.79509099     0.031489166
      0.17284904      0.81860092    0.0043761942
      0.17713063      0.84098618     0.010314075
      0.18149677      0.86230468    0.0094383040
      0.12064559       1.0712492    0.0034998663
      0.11573083       1.0973598    0.0087186813
      0.11090192       1.1257651     0.014865927
      0.10617060       1.1567289     0.022796274
      0.10155049       1.1905451     0.019494861
     0.097057480       1.2275379     0.013549611
     0.092710055       1.2680599     0.018663578
     0.088529662       1.3124878    0.0043952268
     0.084541084       1.3612119     0.018802562
     0.080772740       1.4146195     0.026134498
     0.077256866       1.4730680     0.016341192
     0.074029439       1.5368476    0.0071122756
      0.12577009       1.0933528     0.013782709
      0.12092438       1.1192414    0.0056055916
      0.11616645       1.1472709     0.021341003
      0.11150753       1.1776681     0.012947560
      0.10696057       1.2106825     0.032801293
      0.10254044       1.2465852    0.0071488851
     0.098264280       1.2856668    0.0081521129
     0.094151697       1.3282325    0.0055094515
     0.090225065       1.3745934     0.013623009
     0.086509708       1.4250531     0.010681794
     0.083033992       1.4798870     0.019251652
     0.079829224       1.5393149     0.030449542
      0.13095120       1.1137166    0.0019205829
      0.12617105       1.1393122    0.0026623163
      0.12148004       1.1669038     0.024507256
      0.11688889       1.1966871     0.024156229
      0.11240984       1.2288743    0.0074473266
      0.10805682       1.2636934    0.0034496879
      0.10384570       1.3013854     0.017854256
     0.099794439       1.3421997     0.051360912
     0.095923286       1.3863870     0.032850957
     0.092254922       1.4341882     0.031468296
     0.088814477       1.4858186     0.028853556
     0.085629428       1.5414480     0.017702590
      0.13618247       1.1325232     0.018497517
      0.13146448       1.1577736     0.041018887
      0.12683652       1.1848849     0.044178444
      0.12230879       1.2140262    0.0078170948
      0.11789286       1.2453790     0.025795740
      0.11360176       1.2791357    0.0075700798
      0.10945016       1.3154975     0.019625382
      0.10545456       1.3546698     0.030905130
      0.10163335       1.3968567    0.0074238345
     0.098006931       1.4422515     0.026936471
     0.094597705       1.4910252    0.0088010041
     0.091429973       1.5433104    0.0075747354
      0.14145834       1.1499328     0.020162620
      0.13679924       1.1748005     0.035930996
      0.13223068       1.2014039     0.069427273
      0.12776234       1.2298896    0.0017133049
      0.12340514       1.2604131    0.0040071045
      0.11917125       1.2931377     0.020862756
      0.11507430       1.3282325    0.0044282313
      0.11112941       1.3658680     0.013738524
      0.10735337       1.4062116     0.013521365
      0.10376461       1.4494205     0.025667765
      0.10038320       1.4956316     0.073071455
     0.097230797       1.5449506     0.019654134
      0.14677399       1.1660860     0.072266941
      0.14217068       1.1905451     0.046567247
      0.13765808       1.2166243     0.031454625
      0.13324541       1.2444508     0.032813900
      0.12894292       1.2741586     0.041280539
      0.12476203       1.3058871     0.014392074
      0.12071535       1.3397789     0.015953477
      0.11681685       1.3759769     0.014942572
      0.11308184       1.4146195    0.0086547908
      0.10952705       1.4558354     0.015575370
      0.10617060       1.4997360     0.021448272
      0.10303185       1.5464061    0.0097731194
      0.15212526       1.1811064    0.0049287275
      0.14757479       1.2051400    0.0028075233
      0.14311496       1.2306870     0.011594569
      0.13875449       1.2578584     0.029286925
      0.13450306       1.2867700     0.015064364
      0.13037134       1.3175412     0.031748095
      0.12637106       1.3502932    0.0087143981
      0.12251511       1.3851463     0.039589690
      0.11881752       1.4222160     0.023701075
      0.11529356       1.4616088     0.026692524
      0.11195959       1.5034160    0.0098883037
      0.10883310       1.5477064     0.042899294
      0.15750851       1.1951031     0.034500223
      0.15300811       1.2187011    0.0067818082
      0.14859805       1.2437144    0.0066970185
      0.14428661       1.2702400    0.0024294512
      0.14008289       1.2983784     0.048247707
      0.13599690       1.3282325     0.019794534
      0.13203954       1.3599057     0.025581830
      0.12822275       1.3935000    0.0044567524
      0.12455944       1.4291126     0.012637744
      0.12106354       1.4668321     0.024114334
      0.11774996       1.5067341     0.037492954
      0.11463452       1.5488751     0.012758706
      0.16292058       1.2081723    0.0021628450
      0.15846764       1.2313300    0.0063227719
      0.15410457       1.2558127    0.0016688474
      0.14983921       1.2817055     0.028095486
      0.14568015       1.3090961    0.0015396413
      0.14163676       1.3380733     0.012431262
      0.13771922       1.3687261     0.013553581
      0.13393858       1.4011413     0.051814435
      0.13030675       1.4354011    0.0080715303
      0.12683652       1.4715800     0.026465703
      0.12354150       1.5097411     0.019241681
      0.12043608       1.5499313     0.023231106
      0.16835869       1.2203992     0.011802893
      0.16395076       1.2431159     0.026350987
      0.15963208       1.2670747     0.015145549
      0.15541010       1.2923504     0.030554591
      0.15129291       1.3190197     0.013584975
      0.14728929       1.3471597    0.0091406070
      0.14340877       1.3768472   0.00046257892
      0.13966159       1.4081567     0.024650906
      0.13605878       1.4411581     0.013707958
      0.13261211       1.4759145     0.014984814
      0.12933406       1.5124788     0.042595944
      0.12623776       1.5508903     0.040859145
      0.17382038       1.2318593    0.0028309269
      0.16945517       1.2541376   0.00093980316
      0.16517849       1.2775816    0.0043914396
      0.16099738       1.3022575     0.023212395
      0.15691950       1.3282325     0.014908507
      0.15295308       1.3555738     0.019344026
      0.14910705       1.3843481     0.010850969
      0.14539093       1.4146195     0.014803396
      0.14181496       1.4464479     0.015634740
      0.13838999       1.4798870     0.014760531
      0.13512750       1.5149818     0.045773014
      0.13203954       1.5517651     0.029789573
      0.17930351       1.2426199     0.011175376
      0.17497887       1.2644646    0.0089005580
      0.17074194       1.2874049     0.013209817
      0.16659940       1.3114992     0.034259498
      0.16255848       1.3368068    0.0053101471
      0.15862693       1.3633865     0.023512149
      0.15481310       1.3912964    0.0025140095
      0.15112589       1.4205920     0.016108825
      0.14757479       1.4513249     0.018134837
      0.14416987       1.4835411    0.0035883127
      0.14092172       1.5172789    0.0025520953
      0.13784142       1.5525662    0.0045079248
      0.11810689       1.0349141    0.0081527091
      0.11832053      0.98585437     0.038262431
      0.11881752      0.93708828     0.016617033
      0.11959435      0.88884200     0.016935563
      0.12064559      0.84132733     0.024529660
      0.12196416      0.79473657     0.027282344
      0.12354150      0.74923869     0.015610262
      0.12536783      0.70497687    0.0041406375
      0.12743246      0.66206737     0.019051484
      0.12972401      0.62059962     0.031263399
      0.13223068      0.58063741    0.0038306570
      0.13494047      0.54222082     0.020465648
      0.11308184       1.0600269    0.0037655385
      0.11315626       1.0087265     0.017019386
      0.11352763      0.95762781     0.020117747
      0.11419305      0.90699344     0.015177650
      0.11514743      0.85707195     0.010068791
      0.11638365      0.80809085    0.0078930799
      0.11789286      0.76025128     0.017559891
      0.11966472      0.71372438     0.044431789
      0.12168776      0.66864944     0.023293984
      0.12394968      0.62513375    0.0059595580
      0.12643766      0.58325380     0.018088175
      0.12913864      0.54305756    0.0053245494
      0.10813470       1.0874560    0.0068876002
      0.10805682       1.0337716     0.014865274
      0.10829029      0.98016438     0.031465996
      0.10883310      0.92693989     0.017932568
      0.10968067      0.87439072     0.054487611
      0.11082599      0.82278735     0.027548784
      0.11225996      0.77237064     0.015010790
      0.11397167      0.72334659     0.047538073
      0.11594884      0.67588342    0.0013677243
      0.11817814      0.63011087     0.018625351
      0.12064559      0.58612143     0.017077109
      0.12333690      0.54397302    0.0050330343
      0.10327668       1.1174901    0.0087683851
      0.10303185       1.0612783     0.016105923
      0.10311353       1.0049775     0.051372458
      0.10352093      0.94894296    0.0056135265
      0.10425025      0.89352003    0.0041120333
      0.10529478      0.83903171     0.010403781
      0.10664528      0.78576826     0.023540426
      0.10829029      0.73397951     0.022744392
      0.11021663      0.68387031    0.0053912033
      0.11240984      0.63559893    0.0022163586
      0.11485462      0.58927825     0.032243785
      0.11753528      0.54497886     0.069174425
     0.098520957       1.1504560     0.018588542
     0.098092789       1.0915799     0.028388502
     0.098006931       1.0323948     0.016680876
     0.098264280      0.97331302     0.023202785
     0.098862156      0.91474295    0.0016147944
     0.099794439      0.85707195     0.015580840
      0.10105187      0.80065197     0.013784961
      0.10262251      0.74578840     0.050338462
      0.10449222      0.69273291    0.0086253566
      0.10664528      0.64168050   0.00087233444
      0.10906491      0.59277027    0.0051915759
      0.11173379      0.54608915    0.0065085321
     0.093883075       1.1867216    0.0020314057
     0.093253282       1.1250601     0.036918535
     0.092982065       1.0628003     0.017940044
     0.093072559       1.0004195     0.016850341
     0.093523713      0.93840043     0.016557644
     0.094330353      0.87720935     0.016859380
     0.095483470      0.81727571     0.057882490
     0.096970705      0.75897584     0.014027513
     0.098776967      0.70262195    0.0035701594
      0.10088512      0.64845681     0.044336036
      0.10327668      0.59665378     0.012953160
      0.10593246      0.54732105     0.020945796
     0.089381384       1.2266975     0.014604232
     0.088529662       1.1621585     0.025417916
     0.088052924       1.0966444    0.0088258623
     0.087957266       1.0307033     0.031401080
     0.088243928      0.96490521     0.016259503
     0.088909212      0.89981259   0.00045432759
     0.089944717      0.83595252   0.00042166473
     0.091337852      0.77379268     0.017905345
     0.093072559      0.71372438     0.031303004
     0.095130154      0.65605337    0.0077274813
     0.097490195      0.60099836    0.0081589925
      0.10013130      0.54869569     0.015946041
     0.085037513       1.2708342     0.020817755
     0.083941494       1.2033744     0.033123278
     0.083236514       1.1344527    0.0016538778
     0.082932545       1.0646912    0.0043023473
     0.083033992      0.99475928     0.013554012
     0.083539377      0.92533614     0.058117164
     0.084441448      0.85707195     0.018214699
     0.085727684      0.79055289     0.019485150
     0.087381121      0.72627481     0.012430276
     0.089381384      0.66462767     0.033038041
     0.091705780      0.60589112     0.041240617
     0.094330353      0.55023941   0.00054083026
     0.080876896       1.3196155    0.0091491193
     0.079512230       1.2492678     0.011589477
     0.078553575       1.1768358     0.026722067
     0.078015899       1.1030121     0.010065917
     0.077907918       1.0285755    0.0035205339
     0.078231413      0.95434432     0.012300618
     0.078981081      0.88112357     0.041408099
     0.080144964      0.80965407    0.0025337151
     0.081705362      0.74057143     0.021198246
     0.083640088      0.67437990     0.019430243
     0.085923857      0.61144251     0.011806219
     0.088529662      0.55198542     0.025397384
     0.076929273       1.3735431     0.012191431
     0.075269928       1.3004527    0.0025406787
     0.074029439       1.2244939     0.031001779
     0.073229098       1.1464139     0.029679500
     0.072883404       1.0671036     0.023309340
     0.072998817      0.98754253    0.0041994558
     0.073573167      0.90872896     0.011781794
     0.074595855      0.83160612     0.014988850
     0.076048795      0.75699862     0.023871280
     0.077907918      0.68556839    0.0083103307
     0.080144964      0.61779469     0.016044498
     0.082729279      0.55397628    0.0028013078
     0.073229098       1.4331090     0.021621230
     0.071247991       1.3575808     0.025002742
     0.069695040       1.2782149     0.027780423
     0.068599329       1.1957779    0.0064885081
     0.067982971       1.1112598     0.019429419
     0.067859027       1.0258175     0.016114968
     0.068230182      0.94068546     0.031148624
     0.069088457      0.85707195    0.0041256861
     0.070416043      0.77605976    0.0080731514
     0.072187050      0.69853212    0.0047772264
     0.074369807      0.62513375     0.038743373
     0.076929273      0.55626735    0.0022817709
     0.069815724       1.4987524     0.039436839
     0.067485831       1.4213068    0.0014353902
     0.065588004       1.3388581    0.0087425089
     0.064160597       1.2521259     0.016998740
     0.063235473       1.1621585     0.018346625
     0.062834822       1.0702875     0.015653754
     0.062968656      0.97802605    0.0070901795
     0.063633602      0.88692602     0.030325090
     0.064813316      0.79842569    0.0068758538
     0.066480399      0.71372438    0.0038386498
     0.068599329      0.63370805    0.0068759813
     0.071129737      0.55893204    0.0024092833
      0.12313197     0.011782113     0.031610472
      0.12333690     0.058845276     0.021693205
      0.12381377      0.10564909     0.012967673
      0.12455944      0.15199320     0.014550616
      0.12556912      0.19768900     0.017589604
      0.12683652      0.24256387     0.014984836
      0.12835399      0.28646447     0.021484066
      0.13011279      0.32925896     0.012034259
      0.13210329      0.37083817    0.0097559960
      0.13431517      0.41111575     0.016914718
      0.13673769      0.45002751     0.026097699
      0.13935988      0.48753003    0.0050617130
      0.12815708    -0.011320110     0.015446431
      0.12822275     0.033948732    0.0060919184
      0.12855060     0.079078902    0.0058518369
      0.12913864      0.12388878     0.020076837
      0.12998333      0.16820442    0.0018034849
      0.13107971      0.21186340     0.014811515
      0.13242153      0.25471802    0.0016195395
      0.13400142      0.29663770    0.0084336821
      0.13581107      0.33751056     0.020501536
      0.13784142      0.37724418     0.053398796
      0.14008289      0.41576552     0.050523899
      0.14252552      0.45302025    0.0016771981
      0.13324541    -0.032668577     0.030106083
      0.13318222     0.010892970    0.0071490887
      0.13337171     0.054413241    0.0010096533
      0.13381282     0.097728290    0.0050115382
      0.13450306      0.14067878     0.031500074
      0.13543864      0.18311337     0.022988665
      0.13661451      0.22489173    0.0027086261
      0.13802452      0.26588693    0.0038552830
      0.13966159      0.30598723     0.018999815
      0.14151784      0.34509715     0.019758800
      0.14358476      0.38313795     0.021462692
      0.14585341      0.42004744     0.016776423
      0.13838999    -0.052438271    0.0058936190
      0.13820737    -0.010496892    0.0027434231
      0.13826827     0.031481429    0.0075277531
      0.13857236     0.073349118     0.010281104
      0.13911804      0.11496092     0.011588938
      0.13990249      0.15617687     0.023073624
      0.14092172      0.19686500     0.026083904
      0.14217068      0.23690364     0.012787815
      0.14364338      0.27618326     0.020192234
      0.14533302      0.31460775   0.00073213727
      0.14723213      0.35209522     0.032848600
      0.14933271      0.38857818     0.020133044
      0.14358476    -0.070784208     0.021800024
      0.14329131    -0.030377509     0.025163496
      0.14323255     0.010128606    0.0097104088
      0.14340877     0.050601528     0.041112661
      0.14381909     0.090909298     0.046146040
      0.14446154      0.13092317    0.0033815245
      0.14533302      0.17051999    0.0054987494
      0.14642945      0.20958439     0.015029200
      0.14774583      0.24801052     0.010868270
      0.14927633      0.28570347    0.0064624826
      0.15101444      0.32258020    0.0084084021
      0.15295308      0.35857009     0.011654244
      0.14882449    -0.087843731    0.0022921051
      0.14842800    -0.048889001     0.026100311
      0.14825775   -0.0097852855     0.026856830
      0.14831452     0.029348364    0.0046161552
      0.14859805     0.068392349     0.017752785
      0.14910705      0.10722870     0.028937435
      0.14983921      0.14574321     0.012185943
      0.15079129      0.18382732     0.012991915
      0.15195916      0.22137988    0.0069679359
      0.15333787      0.25830849    0.0069402014
      0.15492181      0.29453058     0.010620495
      0.15670476      0.32997409     0.015865038
      0.15410457     -0.10373860    0.0010768910
      0.15361213    -0.066156624    0.0036101151
      0.15333787    -0.028386648    0.0093053903
      0.15328296    0.0094644759     0.015956185
      0.15344764     0.047288512     0.012261263
      0.15383119     0.084977687     0.016165113
      0.15443199      0.12242652    0.0085430939
      0.15524751      0.15953355    0.0038901286
      0.15627440      0.19620290    0.0069066089
      0.15750851      0.23234564     0.021337746
      0.15894503      0.26788084     0.018479410
      0.16057853      0.30273639     0.011777806
      0.15942100     -0.11857688    0.0016747877
      0.15883907    -0.082292343    0.0071111684
      0.15846764    -0.045789421    0.0079527967
      0.15830819   -0.0091640334    0.0088995943
      0.15836136     0.027485946    0.0032421644
      0.15862693     0.064062249     0.033426681
      0.15910385      0.10046779     0.013502105
      0.15979021      0.13660817    0.0053715691
      0.16068334      0.17239315     0.014664968
      0.16177981      0.20773786     0.015238693
      0.16307552      0.24256387     0.020169824
      0.16456577      0.27680008    0.0094673010
      0.16477026     -0.13245460     0.045149990
      0.16410473    -0.097396289     0.033977816
      0.16364239    -0.062096246    0.0029839797
      0.16338496    -0.026640631    0.0097982113
      0.16333343    0.0088820783     0.010363045
      0.16348798     0.044382395     0.026067079
      0.16384803     0.079771168   0.00046946839
      0.16441223      0.11496092    0.0063277951
      0.16517849      0.14986712     0.017212330
      0.16614400      0.18440933     0.045146397
      0.16730534      0.21851225     0.026514996
      0.16865843      0.25210656    0.0044414456
      0.17014926     -0.14545725    0.0072442071
      0.16940548     -0.11155808     0.030954010
      0.16885797    -0.077399583     0.011955735
      0.16850863    -0.043059209     0.027879953
      0.16835869   -0.0086169549     0.020787087
      0.16840868     0.025845748    0.0076800685
      0.16865843     0.060247178    0.0053099543
      0.16910706     0.094506481     0.014863404
      0.16975298      0.12854480     0.012051306
      0.17059396      0.16228632     0.020909991
      0.17162713      0.19565926     0.021769259
      0.17284904      0.22859663     0.019407779
      0.17555525     -0.15766106    0.0040171319
      0.17473815     -0.12485803     0.015188760
      0.17411073    -0.091782748    0.0039707498
      0.17367503    -0.058504924     0.028014671
      0.17343250    -0.025096915     0.022572153
      0.17338395    0.0083671999    0.0015182103
      0.17352955     0.041812592     0.010598298
      0.17386881     0.075164683     0.011159782
      0.17440059      0.10835014    0.0050628524
      0.17512315      0.14129781    0.0060578460
      0.17603413      0.17393963     0.013951375
      0.17713063      0.20621137     0.034968879
      0.18098583     -0.16913413     0.015014325
      0.18009990     -0.13736818   0.00051081626
      0.17939739     -0.10532086    0.0054956878
      0.17888046    -0.073055002     0.051447931
      0.17855073    -0.040636088     0.012056203
      0.17840922   -0.0081315147   0.00073018480
      0.17845640     0.024390244    0.0021516696
      0.17869211     0.056860499    0.0096617327
      0.17911561     0.089211211     0.014339286
      0.17972557      0.12137584    0.0053560409
      0.18052009      0.15329013     0.012176645
      0.18149677      0.18489287     0.022766666
      0.11810689     0.012283430    0.0038909013
      0.11308184    -0.012829302     0.013172670
      0.10813470    -0.040258488     0.014841539
      0.10327668    -0.070292567     0.027911524
     0.098520957     -0.10325841     0.022954765
     0.093883075     -0.13952408     0.019297396
     0.089381384     -0.17949992     0.020091652
     0.085037513     -0.22363662     0.015054376
     0.080876896     -0.27241795     0.018099538
     0.076929273     -0.32634551    0.0032298966
     0.073229098     -0.38591144    0.0016642539
     0.069815724     -0.45155489    0.0058607385
      0.11832053     0.061343181     0.032840480
      0.11315626     0.038471027     0.013631833
      0.10805682     0.013425944     0.017453530
      0.10303185    -0.014080783     0.017166330
     0.098092789    -0.044382395     0.018188307
     0.093253282    -0.077862575    0.0012279194
     0.088529662     -0.11496092    0.0024042904
     0.083941494     -0.15617687     0.010935567
     0.079512230     -0.20207021     0.013598404
     0.075269928     -0.25325514     0.026221713
     0.071247991     -0.31038327     0.017760962
     0.067485831     -0.37410926    0.0055284111
      0.11881752      0.11010928    0.0033854150
      0.11352763     0.089569739     0.038598416
      0.10829029     0.067033168    0.0014758895
      0.10311353     0.042220038    0.0095133060
     0.098006931     0.014802772    0.0059669273
     0.092982065    -0.015602795     0.011238896
     0.088052924    -0.049446828     0.032398177
     0.083236514    -0.087255199     0.016541313
     0.078553575     -0.12963826    0.0032342193
     0.074029439     -0.17729630     0.014957928
     0.069695040     -0.23101738   0.00088149242
     0.065588004     -0.29166058    0.0013096835
      0.11959435      0.15835555     0.045338267
      0.11419305      0.14020411     0.017314404
      0.10883310      0.12025766     0.017643387
      0.10352093     0.098254589     0.031281273
     0.098264280     0.073884528    0.0060824408
     0.093072559     0.046778034     0.010084525
     0.087957266     0.016494226     0.019728369
     0.082932545    -0.017493678     0.012977912
     0.078015899    -0.055814575    0.0066261474
     0.073229098    -0.099216305    0.0025765354
     0.068599329     -0.14858030     0.019394581
     0.064160597     -0.20492838     0.021809761
      0.12064559      0.20587022     0.012980815
      0.11514743      0.19012560     0.030616618
      0.10968067      0.17280683    0.0045243324
      0.10425025      0.15367752    0.0059609076
     0.098862156      0.13245460     0.017152648
     0.093523713      0.10879712    0.0011796236
     0.088243928     0.082292343    0.0082598009
     0.083033992     0.052438271     0.058811116
     0.077907918     0.018622049    0.0079930846
     0.072883404    -0.019906000     0.030828530
     0.067982971    -0.064062249     0.011209237
     0.063235473     -0.11496092     0.015038971
      0.12196416      0.25246098     0.029035307
      0.11638365      0.23910670    0.0032257593
      0.11082599      0.22441020    0.0034979982
      0.10529478      0.20816584     0.020135863
     0.099794439      0.19012560     0.026605356
     0.094330353      0.16998820    0.0043826791
     0.088909212      0.14738496     0.025803793
     0.083539377      0.12186141     0.040871237
     0.078231413     0.092853236    0.0042272802
     0.072998817     0.059655024     0.018090794
     0.067859027     0.021380085     0.015050841
     0.062834822    -0.023089906    0.0029170565
      0.12354150      0.29795886   0.00073271765
      0.11789286      0.28694627    0.0077919884
      0.11225996      0.27482691     0.015874363
      0.10664528      0.26142929    0.0013673858
      0.10105187      0.24654558     0.012678923
     0.095483470      0.22992184     0.028824859
     0.089944717      0.21124503     0.010849242
     0.084441448      0.19012560     0.023723509
     0.078981081      0.16607398   0.00095157495
     0.073573167      0.13846859     0.015349573
     0.068230182      0.10651209    0.0026991498
     0.062968656     0.069171499     0.072733495
      0.12536783      0.34222068     0.021717177
      0.11966472      0.33347317     0.011619667
      0.11397167      0.32385096     0.018054304
      0.10829029      0.31321804     0.057579725
      0.10262251      0.30140915    0.0058049408
     0.096970705      0.28822171    0.0011645201
     0.091337852      0.27340487     0.052430050
     0.085727684      0.25664466     0.049831874
     0.080144964      0.23754348    0.0032023990
     0.074595855      0.21559143     0.029415523
     0.069088457      0.19012560     0.016453219
     0.063633602      0.16027153    0.0083393025
      0.12743246      0.38513018    0.0046518380
      0.12168776      0.37854811     0.013876606
      0.11594884      0.37131413     0.025671019
      0.11021663      0.36332724     0.014873632
      0.10449222      0.35446464    0.0035847474
     0.098776967      0.34457561    0.0068054259
     0.093072559      0.33347317     0.015458276
     0.087381121      0.32092274     0.010159967
     0.081705362      0.30662612    0.0065591014
     0.076048795      0.29019893     0.011477645
     0.070416043      0.27113779     0.033176449
     0.064813316      0.24877186     0.036245251
      0.12972401      0.42659793     0.021006921
      0.12394968      0.42206380     0.051283610
      0.11817814      0.41708668     0.020373256
      0.11240984      0.41159862     0.022991237
      0.10664528      0.40551705    0.0056186633
      0.10088512      0.39874075     0.055467620
     0.095130154      0.39114418     0.023107756
     0.089381384      0.38256988     0.013081164
     0.083640088      0.37281765    0.0051025006
     0.077907918      0.36162916     0.031784615
     0.072187050      0.34866543     0.032053925
     0.066480399      0.33347317     0.012549089
      0.13223068      0.46656014     0.052701273
      0.12643766      0.46394375    0.0058205900
      0.12064559      0.46107613    0.0014682165
      0.11485462      0.45791930    0.0079615533
      0.10906491      0.45442728    0.0046559479
      0.10327668      0.45054377   0.00094316632
     0.097490195      0.44619919     0.043121324
     0.091705780      0.44130643    0.0055049314
     0.085923857      0.43575504    0.0091338331
     0.080144964      0.42940287    0.0017943657
     0.074369807      0.42206380     0.024695243
     0.068599329      0.41348950    0.0052951586
      0.13494047      0.50497673     0.048310534
      0.12913864      0.50413999    0.0067470473
      0.12333690      0.50322453     0.018993910
      0.11753528      0.50221869     0.021900158
      0.11173379      0.50110840    0.0041056038
      0.10593246      0.49987650     0.020061489
      0.10013130      0.49850186    0.0047907091
     0.094330353      0.49695814    0.0048189733
     0.088529662      0.49521213    0.0061149418
     0.082729279      0.49322127    0.0053805963
     0.076929273      0.49093020     0.017668587
     0.071129737      0.48826551     0.012200737
      0.12064559    -0.024051622    0.0050833057
      0.12577009    -0.046155219     0.012022982
      0.13095120    -0.066519054   0.00049748450
      0.13618247    -0.085325698     0.024047854
      0.14145834     -0.10273529    0.0058032238
      0.14677399     -0.11888845     0.016830467
      0.15212526     -0.13390888     0.046813803
      0.15750851     -0.14790557     0.028516229
      0.16292058     -0.16097476    0.0060144937
      0.16835869     -0.17320164     0.014362227
      0.17382038     -0.18466178    0.0024512514
      0.17930351     -0.19542235    0.0080078919
      0.11573083    -0.050162255    0.0068520155
      0.12092438    -0.072043881     0.029387427
      0.12617105    -0.092114622    0.0064785787
      0.13146448     -0.11057601     0.018485359
      0.13679924     -0.12760295    0.0021925538
      0.14217068     -0.14334757    0.0083758888
      0.14757479     -0.15794247     0.011646226
      0.15300811     -0.17150355     0.042926632
      0.15846764     -0.18413242     0.017918522
      0.16395076     -0.19591835    0.0048433096
      0.16945517     -0.20694005    0.0028391307
      0.17497887     -0.21726707    0.0069607239
      0.11090192    -0.078567520   0.00075883004
      0.11616645     -0.10007333    0.0020738483
      0.12148004     -0.11970623    0.0028553604
      0.12683652     -0.13768733     0.011479574
      0.13223068     -0.15420639     0.011533166
      0.13765808     -0.16942676     0.014437775
      0.14311496     -0.18348949    0.0010207938
      0.14859805     -0.19651685     0.021656846
      0.15410457     -0.20861514     0.024392518
      0.15963208     -0.21987715     0.010450628
      0.16517849     -0.23038409    0.0017239500
      0.17074194     -0.24020735     0.014771327
      0.10617060     -0.10953135     0.021112808
      0.11150753     -0.13047058     0.018275687
      0.11688889     -0.14948952    0.0065567441
      0.12230879     -0.16682869    0.0073315073
      0.12776234     -0.18269205     0.068200731
      0.13324541     -0.19725326     0.015237894
      0.13875449     -0.21066087     0.017090811
      0.14428661     -0.22304243     0.031096807
      0.14983921     -0.23450800     0.011729935
      0.15541010     -0.24515288     0.013800889
      0.16099738     -0.25505998    0.0064379929
      0.16659940     -0.26430167     0.013974633
      0.10155049     -0.14334757   0.00095011336
      0.10696057     -0.16348497    0.0086446362
      0.11240984     -0.18167678     0.030286558
      0.11789286     -0.19818148     0.012320132
      0.12340514     -0.21321551   0.00043993294
      0.12894292     -0.22696108     0.027131350
      0.13450306     -0.23957243     0.019468822
      0.14008289     -0.25118083     0.028784047
      0.14568015     -0.26189855    0.0045740926
      0.15129291     -0.27182213     0.071751683
      0.15691950     -0.28103490    0.0018122728
      0.16255848     -0.28960920     0.018090467
     0.097057480     -0.18034032     0.038020645
      0.10254044     -0.19938764    0.0056534536
      0.10805682     -0.21649590     0.055595409
      0.11360176     -0.23193820     0.014796884
      0.11917125     -0.24594018     0.017028942
      0.12476203     -0.25868958   0.00074603742
      0.13037134     -0.27034364     0.019343398
      0.13599690     -0.28103490    0.0036241912
      0.14163676     -0.29087578     0.017594408
      0.14728929     -0.29996216     0.030428380
      0.15295308     -0.30837626    0.0096895382
      0.15862693     -0.31618896    0.0017754079
     0.092710055     -0.22086238     0.014104951
     0.098264280     -0.23846921    0.0035197803
      0.10384570     -0.25418785    0.0025625658
      0.10945016     -0.26829992     0.056645339
      0.11507430     -0.28103490     0.012013413
      0.12071535     -0.29258139     0.023640342
      0.12637106     -0.30309566     0.018256888
      0.13203954     -0.31270816     0.021407197
      0.13771922     -0.32152856     0.057375797
      0.14340877     -0.32964968     0.045413535
      0.14910705     -0.33715055    0.0062261233
      0.15481310     -0.34409885    0.0063747707
     0.088529662     -0.26529029     0.019937095
     0.094151697     -0.28103490    0.0033391736
     0.099794439     -0.29500214     0.021625416
      0.10545456     -0.30747226    0.0085020789
      0.11112941     -0.31867040    0.0073829572
      0.11681685     -0.32877930     0.019563642
      0.12251511     -0.33794873     0.018362877
      0.12822275     -0.34630247    0.0057564587
      0.13393858     -0.35394373    0.0081745095
      0.13966159     -0.36095912     0.059184833
      0.14539093     -0.36742190    0.0017266017
      0.15112589     -0.37339442     0.027159160
     0.084541084     -0.31401438     0.017955313
     0.090225065     -0.32739588     0.015186799
     0.095923286     -0.33918945     0.026143767
      0.10163335     -0.34965915     0.010430817
      0.10735337     -0.35901409     0.020096200
      0.11308184     -0.36742190     0.042550377
      0.11881752     -0.37501847     0.018541188
      0.12455944     -0.38191504    0.0067776431
      0.13030675     -0.38820352     0.023707623
      0.13605878     -0.39396051     0.027327838
      0.14181496     -0.39925032     0.010513127
      0.14757479     -0.40412734    0.0017915974
     0.080772740     -0.36742190     0.030547004
     0.086509708     -0.37785557    0.0084931332
     0.092254922     -0.38699060     0.021065747
     0.098006931     -0.39505398    0.0014895412
      0.10376461     -0.40222294     0.032915394
      0.10952705     -0.40863786     0.014116278
      0.11529356     -0.41441129    0.0099164970
      0.12106354     -0.41963456    0.0087686507
      0.12683652     -0.42438247    0.0034994941
      0.13261211     -0.42871690     0.013953401
      0.13838999     -0.43268948     0.027624300
      0.14416987     -0.43634358     0.016147739
     0.077256866     -0.42587049     0.022638560
     0.083033992     -0.43268948    0.0053556325
     0.088814477     -0.43862109     0.022015523
     0.094597705     -0.44382761    0.0078164423
      0.10038320     -0.44843409     0.019197263
      0.10617060     -0.45253846    0.0029756569
      0.11195959     -0.45621843     0.043995577
      0.11774996     -0.45953653     0.014052273
      0.12354150     -0.46254355     0.028407989
      0.12933406     -0.46528124    0.0041796674
      0.13512750     -0.46778420     0.015592479
      0.14092172     -0.47008135   0.00041342148
     0.074029439     -0.48965004     0.026943505
     0.079829224     -0.49211735     0.027802983
     0.085629428     -0.49425041    0.0086094217
     0.091429973     -0.49611283     0.014478012
     0.097230797     -0.49775303    0.0090615001
      0.10303185     -0.49920853    0.0081724386
      0.10883310     -0.50050887    0.0029250907
      0.11463452     -0.50167759     0.029377027
      0.12043608     -0.50273372    0.0020350191
      0.12623776     -0.50369278     0.019551273
      0.13203954     -0.50456755    0.0026936204
      0.13784142     -0.50536868     0.044674785
      0.12064559      -1.0231459    0.0029998160
      0.11573083     -0.99703530     0.064857532
      0.11090192     -0.96863003     0.020194131
      0.10617060     -0.93766620     0.014804730
      0.10155049     -0.90384998    0.0046031643
     0.097057480     -0.86685723     0.036102458
     0.092710055     -0.82633517     0.015688582
     0.088529662     -0.78190727     0.029880556
     0.084541084     -0.73318317     0.030392648
     0.080772740     -0.67977565    0.0021516719
     0.077256866     -0.62132707     0.016422763
     0.074029439     -0.55754751     0.026078865
      0.12577009      -1.0010423    0.0021055289
      0.12092438     -0.97515367     0.032013800
      0.11616645     -0.94712422    0.0089979091
      0.11150753     -0.91672697     0.017860453
      0.10696057     -0.88371258     0.017414015
      0.10254044     -0.84780991     0.024982395
     0.098264280     -0.80872834    0.0023734743
     0.094151697     -0.76616265     0.013045666
     0.090225065     -0.71980168     0.012627646
     0.086509708     -0.66934198    0.0042263267
     0.083033992     -0.61450807     0.014577098
     0.079829224     -0.55508020    0.0029640210
      0.13095120     -0.98067850     0.012345798
      0.12617105     -0.95508293     0.044773649
      0.12148004     -0.92749132     0.012560714
      0.11688889     -0.89770804     0.013328807
      0.11240984     -0.86552078    0.0060653261
      0.10805682     -0.83070165    0.0016868806
      0.10384570     -0.79300970     0.048587701
     0.099794439     -0.75219541     0.060004743
     0.095923286     -0.70800810    0.0064116849
     0.092254922     -0.66020695     0.027875064
     0.088814477     -0.60857646     0.015325963
     0.085629428     -0.55294714     0.012264250
      0.13618247     -0.96187185     0.027434915
      0.13146448     -0.93662154    0.0077344792
      0.12683652     -0.90951022     0.045676128
      0.12230879     -0.88036886     0.013438669
      0.11789286     -0.84901607    0.0026107693
      0.11360176     -0.81525936     0.016809922
      0.10945016     -0.77889763    0.0085114802
      0.10545456     -0.73972529     0.016622332
      0.10163335     -0.69753840     0.012309023
     0.098006931     -0.65214357    0.0094536629
     0.094597705     -0.60336994     0.013402016
     0.091429973     -0.55108472     0.016603775
      0.14145834     -0.94446226    0.0010817436
      0.13679924     -0.91959460    0.0035653868
      0.13223068     -0.89299116     0.015405571
      0.12776234     -0.86450551     0.037509951
      0.12340514     -0.83398204    0.0058723740
      0.11917125     -0.80125737    0.0045097473
      0.11507430     -0.76616265     0.029720100
      0.11112941     -0.72852715    0.0078323209
      0.10735337     -0.68818346     0.015645221
      0.10376461     -0.64497461     0.022875317
      0.10038320     -0.59876346     0.012230492
     0.097230797     -0.54944452    0.0083990115
      0.14677399     -0.92830910    0.0049293044
      0.14217068     -0.90384998     0.040141445
      0.13765808     -0.87777079    0.0027996589
      0.13324541     -0.84994429    0.0012510195
      0.12894292     -0.82023647    0.0067427786
      0.12476203     -0.78850797     0.012983862
      0.12071535     -0.75461616    0.0071683073
      0.11681685     -0.71841825     0.016402822
      0.11308184     -0.67977565     0.029003388
      0.10952705     -0.63855970     0.029650844
      0.10617060     -0.59465910     0.012478100
      0.10303185     -0.54798902     0.031040019
      0.15212526     -0.91328867    0.0038761903
      0.14757479     -0.88925508    0.0095858843
      0.14311496     -0.86370806     0.025951996
      0.13875449     -0.83653668     0.019874208
      0.13450306     -0.80762512    0.0016934336
      0.13037134     -0.77685391     0.019470351
      0.12637106     -0.74410189    0.0090445318
      0.12251511     -0.70924883    0.0016639638
      0.11881752     -0.67217908     0.016325529
      0.11529356     -0.63278626    0.0041053445
      0.11195959     -0.59097912     0.015139884
      0.10883310     -0.54668868     0.012450075
      0.15750851     -0.89929199     0.057555579
      0.15300811     -0.87569400    0.0022513954
      0.14859805     -0.85068070    0.0068032270
      0.14428661     -0.82415512     0.018149219
      0.14008289     -0.79601672     0.018654089
      0.13599690     -0.76616265    0.0053806987
      0.13203954     -0.73448939     0.010211219
      0.12822275     -0.70089508     0.012366963
      0.12455944     -0.66528251    0.0059867859
      0.12106354     -0.62756299     0.032825434
      0.11774996     -0.58766102     0.017563204
      0.11463452     -0.54551996    0.0041490256
      0.16292058     -0.88622279     0.013421794
      0.15846764     -0.86306513     0.047308265
      0.15410457     -0.83858241     0.036045926
      0.14983921     -0.81268955     0.011109776
      0.14568015     -0.78529900     0.021279791
      0.14163676     -0.75632177     0.025405564
      0.13771922     -0.72566899    0.0067611575
      0.13393858     -0.69325382     0.029296488
      0.13030675     -0.65899403    0.0087242017
      0.12683652     -0.62281508     0.035112541
      0.12354150     -0.58465400     0.014671500
      0.12043608     -0.54446383    0.0072145722
      0.16835869     -0.87399591    0.0026089414
      0.16395076     -0.85127920     0.030442332
      0.15963208     -0.82732041     0.016337331
      0.15541010     -0.80204467     0.026100703
      0.15129291     -0.77537543     0.026532582
      0.14728929     -0.74723539    0.0016030344
      0.14340877     -0.71754787    0.0032557729
      0.13966159     -0.68623843    0.0045792754
      0.13605878     -0.65323704     0.044981075
      0.13261211     -0.61848065     0.017139271
      0.12933406     -0.58191631     0.017580963
      0.12623776     -0.54350478    0.0066007436
      0.17382038     -0.86253578     0.017906979
      0.16945517     -0.84025751    0.0059777484
      0.16517849     -0.81681346     0.044887621
      0.16099738     -0.79213757     0.011112823
      0.15691950     -0.76616265    0.0031320427
      0.15295308     -0.73882129     0.022341773
      0.14910705     -0.71004701     0.058188993
      0.14539093     -0.67977565     0.011174428
      0.14181496     -0.64794723     0.014436460
      0.13838999     -0.61450807     0.010334627
      0.13512750     -0.57941335     0.029624455
      0.13203954     -0.54263000     0.037452423
      0.17930351     -0.85177521     0.030285721
      0.17497887     -0.82993048    0.0040263322
      0.17074194     -0.80699020     0.013552245
      0.16659940     -0.78289588     0.028256735
      0.16255848     -0.75758835    0.0056879166
      0.15862693     -0.73100859     0.017002499
      0.15481310     -0.70309870     0.027821357
      0.15112589     -0.67380313   0.00090758091
      0.14757479     -0.64307021     0.014347542
      0.14416987     -0.61085397     0.019274970
      0.14092172     -0.57711621     0.024338184
      0.13784142     -0.54182887     0.018931698
      0.11810689      -1.0594810     0.031878399
      0.11832053      -1.1085407    0.0092302419
      0.11881752      -1.1573068     0.013955126
      0.11959435      -1.2055531     0.027296036
      0.12064559      -1.2530678     0.014822913
      0.12196416      -1.2996585     0.018533342
      0.12354150      -1.3451564     0.013371783
      0.12536783      -1.3894182     0.045311260
      0.12743246      -1.4323277     0.015698607
      0.12972401      -1.4737955     0.018563112
      0.13223068      -1.5137577     0.014312724
      0.13494047      -1.5521743     0.033447176
      0.11308184      -1.0343682    0.0063433530
      0.11315626      -1.0856686     0.019419475
      0.11352763      -1.1367673     0.019956374
      0.11419305      -1.1874017    0.0056726214
      0.11514743      -1.2373232   0.00038829632
      0.11638365      -1.2863043     0.012610774
      0.11789286      -1.3341438    0.0039792201
      0.11966472      -1.3806707     0.019711340
      0.12168776      -1.4257457     0.030224853
      0.12394968      -1.4692613    0.0048615949
      0.12643766      -1.5111413     0.013829094
      0.12913864      -1.5513375    0.0098762682
      0.10813470      -1.0069391     0.030767535
      0.10805682      -1.0606235    0.0097504785
      0.10829029      -1.1142307     0.026676526
      0.10883310      -1.1674552     0.011506275
      0.10968067      -1.2200044     0.045158821
      0.11082599      -1.2716078     0.020026887
      0.11225996      -1.3220245    0.0036777517
      0.11397167      -1.3710485     0.030385414
      0.11594884      -1.4185117     0.015078926
      0.11817814      -1.4642842     0.015083755
      0.12064559      -1.5082737     0.015419839
      0.12333690      -1.5504221     0.011407712
      0.10327668     -0.97690498    0.0082568071
      0.10303185      -1.0331168     0.019073592
      0.10311353      -1.0894176     0.021608486
      0.10352093      -1.1454521    0.0010392438
      0.10425025      -1.2008751     0.043950576
      0.10529478      -1.2553634     0.028421762
      0.10664528      -1.3086268     0.019472533
      0.10829029      -1.3604156     0.014721135
      0.11021663      -1.4105248    0.0061987158
      0.11240984      -1.4587962   0.00052043942
      0.11485462      -1.5051169    0.0029142101
      0.11753528      -1.5494162     0.011833247
     0.098520957     -0.94393914     0.069494704
     0.098092789      -1.0028152    0.0027311677
     0.098006931      -1.0620003     0.017573665
     0.098264280      -1.1210821    0.0033311470
     0.098862156      -1.1796521     0.014521363
     0.099794439      -1.2373232     0.011631825
      0.10105187      -1.2937431     0.025268447
      0.10262251      -1.3486067    0.0032128793
      0.10449222      -1.4016622    0.0092970506
      0.10664528      -1.4527146     0.019313586
      0.10906491      -1.5016248     0.023712495
      0.11173379      -1.5483060     0.011987467
     0.093883075     -0.90767348     0.018690924
     0.093253282     -0.96933498     0.010834270
     0.092982065      -1.0315948     0.017209328
     0.093072559      -1.0939756     0.010911459
     0.093523713      -1.1559947    0.0052660039
     0.094330353      -1.2171858    0.0020171145
     0.095483470      -1.2771194     0.015222937
     0.096970705      -1.3354193    0.0019638727
     0.098776967      -1.3917732   0.00042841319
      0.10088512      -1.4459383    0.0055531411
      0.10327668      -1.4977413    0.0057216124
      0.10593246      -1.5470741     0.027263921
     0.089381384     -0.86769763     0.031458437
     0.088529662     -0.93223663    0.0067943888
     0.088052924     -0.99775072    0.0098484288
     0.087957266      -1.0636918     0.018717174
     0.088243928      -1.1294899     0.031087797
     0.088909212      -1.1945825    0.0035954259
     0.089944717      -1.2584426     0.024668732
     0.091337852      -1.3206024    0.0082883704
     0.093072559      -1.3806707    0.0032761920
     0.095130154      -1.4383417     0.013675812
     0.097490195      -1.4933967     0.017671549
      0.10013130      -1.5456994     0.024310534
     0.085037513     -0.82356093     0.032539385
     0.083941494     -0.89102068     0.014520208
     0.083236514     -0.95994235    0.0051135484
     0.082932545      -1.0297039     0.010966967
     0.083033992      -1.0996358     0.014642016
     0.083539377      -1.1690590    0.0065003298
     0.084441448      -1.2373232    0.0041107993
     0.085727684      -1.3038422     0.018193867
     0.087381121      -1.3681203     0.030971225
     0.089381384      -1.4297674     0.019398482
     0.091705780      -1.4885040     0.010866163
     0.094330353      -1.5441557    0.0024146880
     0.080876896     -0.77477960    0.0099851963
     0.079512230     -0.84512734    0.0024410104
     0.078553575     -0.91755929     0.025265821
     0.078015899     -0.99138298     0.017860083
     0.077907918      -1.0658196    0.0079833081
     0.078231413      -1.1400508     0.024068796
     0.078981081      -1.2132715     0.021201369
     0.080144964      -1.2847410    0.0091341938
     0.081705362      -1.3538237    0.0090206063
     0.083640088      -1.4200152     0.032647714
     0.085923857      -1.4829526     0.044344493
     0.088529662      -1.5424097     0.071022557
     0.076929273     -0.72085204    0.0062378458
     0.075269928     -0.79394241     0.019972469
     0.074029439     -0.86990125     0.015576847
     0.073229098     -0.94798125    0.0047195846
     0.072883404      -1.0272916     0.010367770
     0.072998817      -1.1068526     0.018032880
     0.073573167      -1.1856661    0.0029372334
     0.074595855      -1.2627890    0.0022236577
     0.076048795      -1.3373965     0.025924103
     0.077907918      -1.4088267    0.0015765745
     0.080144964      -1.4766004     0.015304246
     0.082729279      -1.5404188     0.025667696
     0.073229098     -0.66128611    0.0061383972
     0.071247991     -0.73681429     0.025993906
     0.069695040     -0.81618017     0.064859023
     0.068599329     -0.89861725     0.012116159
     0.067982971     -0.98313530    0.0034874453
     0.067859027      -1.0685776     0.019996007
     0.068230182      -1.1537096     0.016472217
     0.069088457      -1.2373232     0.026188147
     0.070416043      -1.3183353     0.014351605
     0.072187050      -1.3958630    0.0026811658
     0.074369807      -1.4692613    0.0075779600
     0.076929273      -1.5381277     0.052080605
     0.069815724     -0.59564266    0.0015123593
     0.067485831     -0.67308829     0.032251470
     0.065588004     -0.75553697     0.016009937
     0.064160597     -0.84226918     0.025080536
     0.063235473     -0.93223663     0.012087059
     0.062834822      -1.0241076     0.019120014
     0.062968656      -1.1163691     0.052129197
     0.063633602      -1.2074691     0.013325003
     0.064813316      -1.2959694     0.020390295
     0.066480399      -1.3806707     0.019901545
     0.068599329      -1.4606871     0.024177846
     0.071129737      -1.5354631     0.053566192
      0.12313197      -1.0589797    0.0051026725
      0.12815708      -1.0358774    0.0035346613
      0.13324541      -1.0145290    0.0012869962
      0.13838999     -0.99475928    0.0069583353
      0.14358476     -0.97641334    0.0099537028
      0.14882449     -0.95935382    0.0015656558
      0.15410457     -0.94345895     0.016026226
      0.15942100     -0.92862067   0.00099850878
      0.16477026     -0.91474295     0.044397085
      0.17014926     -0.90174030     0.014079087
      0.17555525     -0.88953649    0.0032304139
      0.18098583     -0.87806342     0.010162854
      0.12333690      -1.1060428     0.014926383
      0.12822275      -1.0811463     0.015367970
      0.13318222      -1.0580905     0.018839567
      0.13820737      -1.0367007     0.020628952
      0.14329131      -1.0168200     0.019968717
      0.14842800     -0.99830855     0.018452229
      0.15361213     -0.98104093    0.0090805606
      0.15883907     -0.96490521     0.038380693
      0.16410473     -0.94980126    0.0050337224
      0.16940548     -0.93563947    0.0043214525
      0.17473815     -0.92233952     0.021357654
      0.18009990     -0.90982937   0.00067137127
      0.12381377      -1.1528466    0.0063977458
      0.12855060      -1.1262765     0.032193341
      0.13337171      -1.1016108     0.011844236
      0.13826827      -1.0786790     0.024388426
      0.14323255      -1.0573262     0.019529859
      0.14825775      -1.0374123     0.018021981
      0.15333787      -1.0188109     0.027711686
      0.15846764      -1.0014081     0.018698115
      0.16364239     -0.98510130    0.0019228373
      0.16885797     -0.96979797     0.010591945
      0.17411073     -0.95541480    0.0047494711
      0.17939739     -0.94187669    0.0087337581
      0.12455944      -1.1991907     0.051086479
      0.12913864      -1.1710863     0.015220519
      0.13381282      -1.1449258     0.020573704
      0.13857236      -1.1205467     0.027387926
      0.14340877      -1.0977991     0.012889062
      0.14831452      -1.0765459     0.019173131
      0.15328296      -1.0566620     0.044631827
      0.15830819      -1.0380335     0.015755471
      0.16338496      -1.0205569     0.017049827
      0.16850863      -1.0041383     0.030052969
      0.17367503     -0.98869263    0.0060429862
      0.17888046     -0.97414255    0.0076482609
      0.12556912      -1.2448866     0.025889068
      0.12998333      -1.2154020     0.017708216
      0.13450306      -1.1878763     0.017341964
      0.13911804      -1.1621585    0.0062414325
      0.14381909      -1.1381068     0.029670258
      0.14859805      -1.1155899     0.057619550
      0.15344764      -1.0944861     0.018262709
      0.15836136      -1.0746835     0.018399147
      0.16333343      -1.0560796     0.048249995
      0.16835869      -1.0385806   0.00075509544
      0.17343250      -1.0221006     0.031716212
      0.17855073      -1.0065615    0.0056107017
      0.12683652      -1.2897614     0.018734926
      0.13107971      -1.2590610    0.0019803543
      0.13543864      -1.2303109     0.019164035
      0.13990249      -1.2033744     0.025683015
      0.14446154      -1.1781207   0.00055113419
      0.14910705      -1.1544263     0.024137188
      0.15383119      -1.1321752    0.0030744261
      0.15862693      -1.1112598    0.0087020417
      0.16348798      -1.0915799    0.0027396390
      0.16840868      -1.0730433     0.041518029
      0.17338395      -1.0555648     0.014585184
      0.17840922      -1.0390660    0.0093684316
      0.12835399      -1.3336620     0.014018814
      0.13242153      -1.3019156     0.022979752
      0.13661451      -1.2720893    0.0056964952
      0.14092172      -1.2440625     0.032530809
      0.14533302      -1.2177175     0.028358256
      0.14983921      -1.1929408     0.015849645
      0.15443199      -1.1696241     0.016051475
      0.15910385      -1.1476653     0.059684049
      0.16384803      -1.1269687     0.011640357
      0.16865843      -1.1074447     0.021491481
      0.17352955      -1.0890101   0.00050015377
      0.17845640      -1.0715878     0.020392337
      0.13011279      -1.3764565     0.015181901
      0.13400142      -1.3438352     0.016308792
      0.13802452      -1.3130845    0.0031388098
      0.14217068      -1.2841012    0.0036547793
      0.14642945      -1.2567819    0.0011654166
      0.15079129      -1.2310249     0.010156790
      0.15524751      -1.2067311     0.024369396
      0.15979021      -1.1838057    0.0015429165
      0.16441223      -1.1621585     0.028857571
      0.16910706      -1.1417040     0.024942690
      0.17386881      -1.1223622    0.0022170657
      0.17869211      -1.1040581    0.0058151062
      0.13210329      -1.4180357    0.0038376190
      0.13581107      -1.3847081    0.0087018381
      0.13966159      -1.3531848     0.012072982
      0.14364338      -1.3233808     0.041630022
      0.14774583      -1.2952081     0.018497713
      0.15195916      -1.2685774     0.011364385
      0.15627440      -1.2434005     0.015837790
      0.16068334      -1.2195907     0.025034894
      0.16517849      -1.1970647    0.0039713463
      0.16975298      -1.1757423    0.0055760725
      0.17440059      -1.1555477    0.0011526026
      0.17911561      -1.1364088     0.019752327
      0.13431517      -1.4583133     0.026879492
      0.13784142      -1.4244417     0.012882457
      0.14151784      -1.3922947    0.0033285135
      0.14533302      -1.3618053     0.017813366
      0.14927633      -1.3329010     0.017382736
      0.15333787      -1.3055060     0.031906767
      0.15750851      -1.2795432     0.017837702
      0.16177981      -1.2549354     0.025225957
      0.16614400      -1.2316069     0.014201352
      0.17059396      -1.2094839     0.052699401
      0.17512315      -1.1884954    0.0097507335
      0.17972557      -1.1685734     0.015915772
      0.13673769      -1.4972251     0.012738922
      0.14008289      -1.4629631     0.017684556
      0.14358476      -1.4303355     0.010141086
      0.14723213      -1.3992928     0.016324459
      0.15101444      -1.3697778     0.017031157
      0.15492181      -1.3417281     0.018437011
      0.15894503      -1.3150784     0.015615739
      0.16307552      -1.2897614     0.013520627
      0.16730534      -1.2657098     0.016565700
      0.17162713      -1.2428568    0.0084419190
      0.17603413      -1.2211372     0.020864563
      0.18052009      -1.2004877     0.024270198
      0.13935988      -1.5347276     0.014613997
      0.14252552      -1.5002178    0.0031649122
      0.14585341      -1.4672450     0.018273365
      0.14933271      -1.4357757     0.018061049
      0.15295308      -1.4057676     0.018502316
      0.15670476      -1.3771716     0.028596195
      0.16057853      -1.3499339     0.026350984
      0.16456577      -1.3239976     0.012353552
      0.16865843      -1.2993041    0.0078595573
      0.17284904      -1.2757942     0.031301050
      0.17713063      -1.2534089    0.0045162198
      0.18149677      -1.2320904     0.030892645
