    0.0029014425      0.52359878     0.019282994
    0.0076764953       1.2373232    0.0050784510
     0.013296080       1.3806707    0.0022149905
     0.019026031       1.4383417    0.0031315922
     0.024789936       1.4692613     0.013980954
     0.030568593       1.4885040     0.018392905
     0.036354970       1.5016248     0.029661256
     0.042145887       1.5111413    0.0095327146
     0.047939698       1.5183581    0.0049188565
     0.053735467       1.5240183    0.0026805704
     0.059532623       1.5285763    0.0058825131
     0.065330796       1.5323253     0.020128003
    0.0076764953     -0.19012560    0.0060286719
    0.0087043275      0.52359878     0.015964367
     0.012647095      0.93223663    0.0013880393
     0.017648786       1.1294899     0.054475938
     0.023029486       1.2373232     0.021917599
     0.028575895       1.3038422     0.031830837
     0.034207502       1.3486067     0.013150529
     0.039888240       1.3806707     0.026958632
     0.045599748       1.4047223    0.0097708789
     0.051331758       1.4234114     0.040671210
     0.057078092       1.4383417     0.031665033
     0.062834822       1.4505387     0.019310097
     0.013296080     -0.33347317     0.017477128
     0.012647095      0.11496092    0.0085246189
     0.014507212      0.52359878     0.012897142
     0.018119503      0.80463368     0.014272040
     0.022660990      0.98313530     0.027307655
     0.027677997       1.0996358     0.032632669
     0.032954052       1.1796521     0.011758153
     0.038382476       1.2373232     0.035659543
     0.043906792       1.2805974    0.0074182395
     0.049494901       1.3141517     0.032225146
     0.055127407       1.3408745     0.010297301
     0.060791971       1.3626305     0.015752663
     0.019026031     -0.39114418     0.018991240
     0.017648786    -0.082292343     0.013005210
     0.018119503      0.24256387     0.029897918
     0.020310097      0.52359878     0.017186892
     0.023749330      0.73681429    0.0049315345
     0.027980498      0.89102068     0.029415551
     0.032697596       1.0028152    0.0099868803
     0.037718752       1.0856686     0.044303705
     0.042937428       1.1487325     0.019851288
     0.048289627       1.1979787     0.011177097
     0.053735467       1.2373232     0.023564115
     0.059249132       1.2693872    0.0060548702
     0.024789936     -0.42206380    0.0010350951
     0.023029486     -0.19012560     0.042113160
     0.022660990     0.064062249     0.029694403
     0.023749330      0.31038327    0.0053200405
     0.026112982      0.52359878     0.017433847
     0.029446425      0.69510233     0.019513809
     0.033461067      0.82868530     0.018661055
     0.037941284      0.93223663    0.0051562076
     0.042740917       1.0132488    0.0027869414
     0.047763772       1.0775751     0.053131630
     0.052946357       1.1294899     0.022968347
     0.058246052       1.1720556     0.011186075
     0.030568593     -0.44130643     0.017231325
     0.028575895     -0.25664466    0.0032288543
     0.027677997    -0.052438271     0.022949052
     0.027980498      0.15617687    0.0035566788
     0.029446425      0.35209522     0.017193744
     0.031915867      0.52359878     0.025533869
     0.035178121      0.66694634     0.012005724
     0.039034916      0.78401695    0.0028297191
     0.043327776      0.87899313     0.010392098
     0.047939698      0.95628825     0.022122814
     0.052787119       1.0197116    0.0035411550
     0.057810832       1.0722945     0.028973049
     0.036354970     -0.45442728    0.0040632012
     0.034207502     -0.30140915     0.010959200
     0.032954052     -0.13245460    0.0047019340
     0.032697596     0.044382395    0.0023249721
     0.033461067      0.21851225    0.0028013197
     0.035178121      0.38025121    0.0071854772
     0.037718752      0.52359878     0.030375798
     0.040929883      0.64669121     0.032121231
     0.044667139      0.75055985     0.028482143
     0.048809818      0.83761316    0.0035370960
     0.053263404      0.91058938     0.022581120
     0.057956268      0.97203287    0.0095505419
     0.042145887     -0.46394375     0.012928205
     0.039888240     -0.33347317    0.0068837033
     0.038382476     -0.19012560     0.041011734
     0.037718752    -0.038471027    0.0011766954
     0.037941284      0.11496092     0.016845390
     0.039034916      0.26318061     0.018044275
     0.040929883      0.40050634     0.012884772
     0.043521637      0.52359878     0.017803726
     0.046694298      0.63143204    0.0080448573
     0.050338146      0.72461735     0.020628332
     0.054358508      0.80463368     0.023094878
     0.058678043      0.87325792     0.015067498
     0.047939698     -0.47116050     0.012739461
     0.045599748     -0.35752479     0.048618238
     0.043906792     -0.23339984     0.030737274
     0.042937428     -0.10153498     0.018928014
     0.042740917     0.033948732     0.032669002
     0.043327776      0.16820442     0.013334127
     0.044667139      0.29663770    0.0013873545
     0.046694298      0.41576552     0.050338046
     0.049324522      0.52359878     0.036051274
     0.052467195      0.61952847     0.011228238
     0.056036162      0.70393909     0.013035683
     0.059955345      0.77778663    0.0053245610
     0.053735467     -0.47682074    0.0023169584
     0.051331758     -0.37621381     0.031984550
     0.049494901     -0.26695412     0.020498967
     0.048289627     -0.15078113    0.0078573371
     0.047763772    -0.030377509    0.0016588754
     0.047939698     0.090909298     0.030719522
     0.048809818      0.20958439     0.030146907
     0.050338146      0.32258020     0.019522125
     0.052467195      0.42766908    0.0062758109
     0.055127407      0.52359878     0.016333962
     0.058246052      0.60998578    0.0017727228
     0.061753712      0.68708375    0.0078034684
     0.059532623     -0.48137874    0.0035315643
     0.057078092     -0.39114418     0.018497966
     0.055127407     -0.29367693     0.024763758
     0.053735467     -0.19012560     0.022282737
     0.052946357    -0.082292343     0.010466579
     0.052787119     0.027485946     0.012301991
     0.053263404      0.13660817     0.019836623
     0.054358508      0.24256387    0.0037884070
     0.056036162      0.34325846     0.015042037
     0.058246052      0.43721177    0.0049418397
     0.060930292      0.52359878     0.010115355
     0.064029255      0.60216630     0.015754046
     0.065330796     -0.48512775    0.0044320046
     0.062834822     -0.40334111    0.0079846189
     0.060791971     -0.31543293    0.0031482255
     0.059249132     -0.22218963    0.0099017488
     0.058246052     -0.12485803    0.0033596789
     0.057810832    -0.025096915     0.028514473
     0.057956268     0.075164683    0.0065326443
     0.058678043      0.17393963     0.019661098
     0.059955345      0.26941092     0.026053453
     0.061753712      0.36011380     0.015758237
     0.064029255      0.44503126     0.031636645
     0.066733177      0.52359878     0.017338469
    0.0029014425       2.6179939     0.015795868
    0.0076764953      -2.9514671     0.031003917
     0.013296080      -2.8081195     0.022663547
     0.019026031      -2.7504485    0.0016813845
     0.024789936      -2.7195289    0.0099927255
     0.030568593      -2.7002862     0.016084358
     0.036354970      -2.6871654     0.015345960
     0.042145887      -2.6776489     0.013134891
     0.047939698      -2.6704321     0.052260038
     0.053735467      -2.6647719    0.0053550541
     0.059532623      -2.6602139     0.010784840
     0.065330796      -2.6564649     0.032553483
    0.0076764953       1.9042695    0.0036829747
    0.0087043275       2.6179939    0.0049582995
     0.012647095       3.0266317    0.0078797531
     0.017648786      -3.0593003     0.014421907
     0.023029486      -2.9514671     0.011846219
     0.028575895      -2.8849480     0.019882111
     0.034207502      -2.8401835    0.0050451246
     0.039888240      -2.8081195     0.014753405
     0.045599748      -2.7840679    0.0087599358
     0.051331758      -2.7653788    0.0013809753
     0.057078092      -2.7504485    0.0088919846
     0.062834822      -2.7382515     0.017895849
     0.013296080       1.7609219     0.015986778
     0.012647095       2.2093560     0.011529152
     0.014507212       2.6179939    0.0097797383
     0.018119503       2.8990288    0.0010035412
     0.022660990       3.0775304     0.018398206
     0.027677997      -3.0891544     0.016949255
     0.032954052      -3.0091381     0.019122317
     0.038382476      -2.9514671     0.019107412
     0.043906792      -2.9081928     0.020121727
     0.049494901      -2.8746385     0.021549515
     0.055127407      -2.8479157     0.016951519
     0.060791971      -2.8261597     0.050158480
     0.019026031       1.7032509     0.011183591
     0.017648786       2.0121028     0.020128574
     0.018119503       2.3369590    0.0079293589
     0.020310097       2.6179939     0.013340334
     0.023749330       2.8312094     0.053436763
     0.027980498       2.9854158     0.032490603
     0.032697596       3.0972103     0.056394644
     0.037718752      -3.1031216   0.00058919541
     0.042937428      -3.0400577     0.011555343
     0.048289627      -2.9908115     0.013541300
     0.053735467      -2.9514671     0.054291998
     0.059249132      -2.9194030     0.013076954
     0.024789936       1.6723313     0.010247959
     0.023029486       1.9042695     0.010930749
     0.022660990       2.1584574     0.041650924
     0.023749330       2.4047784     0.010962479
     0.026112982       2.6179939     0.012763759
     0.029446425       2.7894974    0.0099871595
     0.033461067       2.9230804     0.027470765
     0.037941284       3.0266317    0.0099356389
     0.042740917       3.1076439     0.042337381
     0.047763772      -3.1112151     0.044926474
     0.052946357      -3.0593003    0.0035234513
     0.058246052      -3.0167346     0.010310691
     0.030568593       1.6530887     0.068750388
     0.028575895       1.8377504     0.034155220
     0.027677997       2.0419568    0.0067349972
     0.027980498       2.2505720     0.040036488
     0.029446425       2.4464903     0.024326238
     0.031915867       2.6179939     0.024931945
     0.035178121       2.7613414    0.0044363698
     0.039034916       2.8784120    0.0019375550
     0.043327776       2.9733882     0.010889654
     0.047939698       3.0506834    0.0071447870
     0.052787119       3.1141067     0.013242350
     0.057810832      -3.1164957     0.036745334
     0.036354970       1.6399678    0.0076816081
     0.034207502       1.7929860    0.0070698111
     0.032954052       1.9619405     0.021724461
     0.032697596       2.1387775     0.050496943
     0.033461067       2.3129074    0.0098802122
     0.035178121       2.4746463     0.018981831
     0.037718752       2.6179939    0.0065126137
     0.040929883       2.7410863    0.0078208904
     0.044667139       2.8449550     0.051991491
     0.048809818       2.9320083     0.027440361
     0.053263404       3.0049845    0.0095057720
     0.057956268       3.0664280    0.0015467851
     0.042145887       1.6304514    0.0011493473
     0.039888240       1.7609219    0.0024255765
     0.038382476       1.9042695     0.014512610
     0.037718752       2.0559241    0.0022820099
     0.037941284       2.2093560     0.070673345
     0.039034916       2.3575757    0.0056432890
     0.040929883       2.4949014     0.022299062
     0.043521637       2.6179939     0.033000565
     0.046694298       2.7258271     0.014026053
     0.050338146       2.8190125     0.020645639
     0.054358508       2.8990288     0.016774909
     0.058678043       2.9676530     0.014994958
     0.047939698       1.6232346     0.030384471
     0.045599748       1.7368703    0.0097625945
     0.043906792       1.8609953    0.0053125538
     0.042937428       1.9928601     0.050040641
     0.042740917       2.1283438     0.018251302
     0.043327776       2.2625995    0.0014782123
     0.044667139       2.3910328    0.0012437997
     0.046694298       2.5101606     0.019226944
     0.049324522       2.6179939     0.022954199
     0.052467195       2.7139236    0.0064554043
     0.056036162       2.7983342     0.018815025
     0.059955345       2.8721817   0.00038889554
     0.053735467       1.6175744     0.010911925
     0.051331758       1.7181813    0.0033724917
     0.049494901       1.8274410   0.00081083884
     0.048289627       1.9436140     0.012912159
     0.047763772       2.0640176    0.0057203779
     0.047939698       2.1853044     0.010503795
     0.048809818       2.3039795     0.014469982
     0.050338146       2.4169753     0.014746485
     0.052467195       2.5220642     0.012551869
     0.055127407       2.6179939    0.0010316421
     0.058246052       2.7043809    0.0097257222
     0.061753712       2.7814789     0.015467658
     0.059532623       1.6130164    0.0065908923
     0.057078092       1.7032509    0.0051568856
     0.055127407       1.8007182     0.011445516
     0.053735467       1.9042695     0.015113989
     0.052946357       2.0121028     0.024590205
     0.052787119       2.1218810     0.041245963
     0.053263404       2.2310033     0.015201444
     0.054358508       2.3369590    0.0061951415
     0.056036162       2.4376536    0.0043174269
     0.058246052       2.5316069     0.031549022
     0.060930292       2.6179939    0.0058126153
     0.064029255       2.6965614    0.0066413638
     0.065330796       1.6092674     0.038063701
     0.062834822       1.6910540     0.016222983
     0.060791971       1.7789622     0.024640919
     0.059249132       1.8722055     0.028852129
     0.058246052       1.9695371   0.00073415985
     0.057810832       2.0692982     0.013235680
     0.057956268       2.1695598     0.012215131
     0.058678043       2.2683347     0.056914230
     0.059955345       2.3638060     0.024863343
     0.061753712       2.4545089    0.0069195592
     0.064029255       2.5394264     0.027776245
     0.066733177       2.6179939    0.0080336372
    0.0029014425      -1.5707963    0.0071350124
    0.0076764953     -0.85707195   0.00062566791
     0.013296080     -0.71372438    0.0043323424
     0.019026031     -0.65605337     0.029888079
     0.024789936     -0.62513375     0.041372700
     0.030568593     -0.60589112    0.0068448538
     0.036354970     -0.59277027    0.0052711098
     0.042145887     -0.58325380     0.024336834
     0.047939698     -0.57603705     0.042568542
     0.053735467     -0.57037681     0.018343214
     0.059532623     -0.56581881    0.0032447983
     0.065330796     -0.56206980    0.0081775227
    0.0076764953      -2.2845207    0.0048808354
    0.0087043275      -1.5707963     0.046953887
     0.012647095      -1.1621585     0.020183963
     0.017648786     -0.96490521    0.0039462655
     0.023029486     -0.85707195     0.012340584
     0.028575895     -0.79055289    0.0039526711
     0.034207502     -0.74578840     0.014715376
     0.039888240     -0.71372438     0.017807159
     0.045599748     -0.68967276    0.0054688699
     0.051331758     -0.67098374     0.014938575
     0.057078092     -0.65605337    0.0034707740
     0.062834822     -0.64385644    0.0061291672
     0.013296080      -2.4278683    0.0096767330
     0.012647095      -1.9794342     0.032462016
     0.014507212      -1.5707963     0.012453253
     0.018119503      -1.2897614    0.0027592303
     0.022660990      -1.1112598     0.017272786
     0.027677997     -0.99475928    0.0013996271
     0.032954052     -0.91474295     0.025561831
     0.038382476     -0.85707195     0.020195394
     0.043906792     -0.81379771     0.013350678
     0.049494901     -0.78024343    0.0040923694
     0.055127407     -0.75352062   0.00092171505
     0.060791971     -0.73176462     0.014665699
     0.019026031      -2.4855393     0.014723122
     0.017648786      -2.1766874     0.021056264
     0.018119503      -1.8518312     0.023861881
     0.020310097      -1.5707963     0.017153083
     0.023749330      -1.3575808    0.0047406746
     0.027980498      -1.2033744     0.014539575
     0.032697596      -1.0915799     0.013521095
     0.037718752      -1.0087265    0.0032753051
     0.042937428     -0.94566257    0.0025520950
     0.048289627     -0.89641642     0.014307303
     0.053735467     -0.85707195     0.019812362
     0.059249132     -0.82500793     0.012659798
     0.024789936      -2.5164589     0.021216010
     0.023029486      -2.2845207     0.023366068
     0.022660990      -2.0303329     0.019409135
     0.023749330      -1.7840118     0.059498698
     0.026112982      -1.5707963     0.027711020
     0.029446425      -1.3992928     0.018789116
     0.033461067      -1.2657098     0.021899425
     0.037941284      -1.1621585    0.0040186832
     0.042740917      -1.0811463    0.0012605709
     0.047763772      -1.0168200    0.0051686769
     0.052946357     -0.96490521    0.0064988524
     0.058246052     -0.92233952     0.029586126
     0.030568593      -2.5357015    0.0021522169
     0.028575895      -2.3510398    0.0030538368
     0.027677997      -2.1468334     0.024923337
     0.027980498      -1.9382182    0.0058477924
     0.029446425      -1.7422999     0.030217025
     0.031915867      -1.5707963     0.035585865
     0.035178121      -1.4274488     0.010930624
     0.039034916      -1.3103782     0.014651406
     0.043327776      -1.2154020     0.017038756
     0.047939698      -1.1381068    0.0081225555
     0.052787119      -1.0746835     0.023438976
     0.057810832      -1.0221006     0.015376592
     0.036354970      -2.5488224     0.043054801
     0.034207502      -2.3958043    0.0053052746
     0.032954052      -2.2268497     0.014170106
     0.032697596      -2.0500127    0.0092210180
     0.033461067      -1.8758829   0.00043720724
     0.035178121      -1.7141439     0.018460896
     0.037718752      -1.5707963    0.0034058909
     0.040929883      -1.4477039    0.0013431182
     0.044667139      -1.3438352     0.013608131
     0.048809818      -1.2567819    0.0051779042
     0.053263404      -1.1838057     0.013820818
     0.057956268      -1.1223622     0.017969802
     0.042145887      -2.5583389     0.018789458
     0.039888240      -2.4278683    0.0068496227
     0.038382476      -2.2845207     0.025960949
     0.037718752      -2.1328661     0.018248782
     0.037941284      -1.9794342    0.0080383587
     0.039034916      -1.8312145    0.0056491873
     0.040929883      -1.6938888     0.017173301
     0.043521637      -1.5707963     0.024171679
     0.046694298      -1.4629631     0.015125688
     0.050338146      -1.3697778    0.0098454146
     0.054358508      -1.2897614    0.0068543330
     0.058678043      -1.2211372     0.010721971
     0.047939698      -2.5655556     0.063308599
     0.045599748      -2.4519199     0.022765628
     0.043906792      -2.3277949     0.053684403
     0.042937428      -2.1959301    0.0020522618
     0.042740917      -2.0604464     0.025852207
     0.043327776      -1.9261907     0.013518154
     0.044667139      -1.7977574    0.0027770325
     0.046694298      -1.6786296     0.015688294
     0.049324522      -1.5707963     0.013586650
     0.052467195      -1.4748666    0.0093824293
     0.056036162      -1.3904560     0.028617722
     0.059955345      -1.3166085     0.016553315
     0.053735467      -2.5712158    0.0073734327
     0.051331758      -2.4706089    0.0030044660
     0.049494901      -2.3613492    0.0096014507
     0.048289627      -2.2451762    0.0063358915
     0.047763772      -2.1247726    0.0014169837
     0.047939698      -2.0034858     0.022880018
     0.048809818      -1.8848107     0.029159958
     0.050338146      -1.7718149     0.030415176
     0.052467195      -1.6667260     0.017428928
     0.055127407      -1.5707963    0.0070395722
     0.058246052      -1.4844093     0.014455990
     0.061753712      -1.4073114     0.044168030
     0.059532623      -2.5757738    0.0093872381
     0.057078092      -2.4855393    0.0032707374
     0.055127407      -2.3880720    0.0091805207
     0.053735467      -2.2845207    0.0030689495
     0.052946357      -2.1766874    0.0044031745
     0.052787119      -2.0669092     0.010208437
     0.053263404      -1.9577869     0.016033768
     0.054358508      -1.8518312     0.014807086
     0.056036162      -1.7511366     0.058960115
     0.058246052      -1.6571833     0.019554842
     0.060930292      -1.5707963     0.019786787
     0.064029255      -1.4922288     0.017372976
     0.065330796      -2.5795229    0.0062662753
     0.062834822      -2.4977362     0.050942205
     0.060791971      -2.4098280     0.018528049
     0.059249132      -2.3165847    0.0096665919
     0.058246052      -2.2192531    0.0050673942
     0.057810832      -2.1194920     0.017550246
     0.057956268      -2.0192304     0.021175522
     0.058678043      -1.9204555     0.016454872
     0.059955345      -1.8249842     0.040535877
     0.061753712      -1.7342813    0.0095780546
     0.064029255      -1.6493638     0.012909581
     0.066733177      -1.5707963    0.0022141528
      0.12313197       1.0354154     0.017797817
      0.12815708       1.0585177    0.0017061981
      0.13324541       1.0798661     0.019429967
      0.13838999       1.0996358    0.0089403243
      0.14358476       1.1179818     0.014773134
      0.14882449       1.1350413    0.0030761330
      0.15410457       1.1509362    0.0081794559
      0.15942100       1.1657744     0.012366077
      0.16477026       1.1796521     0.026615854
      0.17014926       1.1926548    0.0076792473
      0.17555525       1.2048586     0.017789502
      0.18098583       1.2163317     0.058763052
      0.12333690      0.98835228     0.015581433
      0.12822275       1.0132488     0.011477096
      0.13318222       1.0363046     0.025838745
      0.13820737       1.0576944    0.0081048766
      0.14329131       1.0775751    0.0082472332
      0.14842800       1.0960866     0.014543560
      0.15361213       1.1133542     0.010335026
      0.15883907       1.1294899     0.018304161
      0.16410473       1.1445938    0.0051441814
      0.16940548       1.1587556    0.0088566519
      0.17473815       1.1720556     0.014176660
      0.18009990       1.1845657     0.062436229
      0.12381377      0.94154846     0.015327070
      0.12855060      0.96811865    0.0031841403
      0.13337171      0.99278431     0.029910273
      0.13826827       1.0157161     0.018891327
      0.14323255       1.0370689    0.0014491783
      0.14825775       1.0569828     0.015987148
      0.15333787       1.0755842    0.0088542941
      0.15846764       1.0929870     0.029457220
      0.16364239       1.1092938     0.012491362
      0.16885797       1.1245971     0.015666705
      0.17411073       1.1389803     0.010687042
      0.17939739       1.1525184     0.014837212
      0.12455944      0.89520435     0.031033423
      0.12913864      0.92330877     0.019814946
      0.13381282      0.94946926     0.013874965
      0.13857236      0.97384843    0.0059619663
      0.14340877      0.99659602    0.0058834153
      0.14831452       1.0178492     0.017947103
      0.15328296       1.0377331    0.0011305120
      0.15830819       1.0563616    0.0073550257
      0.16338496       1.0738382     0.021727331
      0.16850863       1.0902568    0.0086074236
      0.17367503       1.1057025     0.039347797
      0.17888046       1.1202526    0.0045719680
      0.12556912      0.84950855    0.0052314250
      0.12998333      0.87899313     0.030663693
      0.13450306      0.90651878     0.024864160
      0.13911804      0.93223663     0.020058220
      0.14381909      0.95628825    0.0018638767
      0.14859805      0.97880520     0.016975079
      0.15344764      0.99990904     0.069222568
      0.15836136       1.0197116     0.014025111
      0.16333343       1.0383155     0.014348425
      0.16835869       1.0558145     0.025777177
      0.17343250       1.0722945    0.0021723621
      0.17855073       1.0878336     0.010674779
      0.12683652      0.80463368     0.020002259
      0.13107971      0.83533415     0.046096881
      0.13543864      0.86408418    0.0059430593
      0.13990249      0.89102068    0.0042437531
      0.14446154      0.91627438     0.017971544
      0.14910705      0.93996885    0.0084056177
      0.15383119      0.96221986     0.016256619
      0.15862693      0.98313530     0.041962880
      0.16348798       1.0028152    0.0031416730
      0.16840868       1.0213518     0.030736116
      0.17338395       1.0388304     0.018841243
      0.17840922       1.0553291    0.0067353198
      0.12835399      0.76073308    0.0018001231
      0.13242153      0.79247953     0.015261524
      0.13661451      0.82230583     0.018001725
      0.14092172      0.85033255     0.013318310
      0.14533302      0.87667756    0.0087714361
      0.14983921      0.90145434    0.0045638021
      0.15443199      0.92477103     0.018897483
      0.15910385      0.94672976    0.0044421159
      0.16384803      0.96742638     0.021480377
      0.16865843      0.98695037   0.00049066230
      0.17352955       1.0053850    0.0013836646
      0.17845640       1.0228073     0.012368002
      0.13011279      0.71793859     0.013785595
      0.13400142      0.75055985    0.0034312617
      0.13802452      0.78131062     0.013142151
      0.14217068      0.81029391    0.0063231049
      0.14642945      0.83761316    0.0038548252
      0.15079129      0.86337023     0.027818557
      0.15524751      0.88766401     0.030768958
      0.15979021      0.91058938     0.028340411
      0.16441223      0.93223663    0.0042042352
      0.16910706      0.95269107     0.028906942
      0.17386881      0.97203287     0.018509523
      0.17869211      0.99033705     0.014402039
      0.13210329      0.67635939     0.019209301
      0.13581107      0.70968699     0.045877459
      0.13966159      0.74121033     0.016911637
      0.14364338      0.77101429    0.0073618539
      0.14774583      0.79918703     0.029485572
      0.15195916      0.82581767     0.045648747
      0.15627440      0.85099465     0.039626296
      0.16068334      0.87480440     0.013120956
      0.16517849      0.89733044    0.0095296335
      0.16975298      0.91865275    0.0026147491
      0.17440059      0.93884742     0.014396493
      0.17911561      0.95798634     0.041083345
      0.13431517      0.63608180     0.013900005
      0.13784142      0.66995337     0.027111626
      0.14151784      0.70210040     0.054016165
      0.14533302      0.73258980     0.020169159
      0.14927633      0.76149408     0.026110189
      0.15333787      0.78888906     0.025990521
      0.15750851      0.81485191     0.011606640
      0.16177981      0.83945969     0.016653415
      0.16614400      0.86278822     0.011997619
      0.17059396      0.88491123     0.017781027
      0.17512315      0.90589974     0.053532089
      0.17972557      0.92582172    0.0060603624
      0.13673769      0.59717004     0.014675297
      0.14008289      0.63143204    0.0010799858
      0.14358476      0.66405960    0.0069558664
      0.14723213      0.69510233     0.073079813
      0.15101444      0.72461735    0.0043697418
      0.15492181      0.75266697     0.010436368
      0.15894503      0.77931671    0.0038319223
      0.16307552      0.80463368    0.0068531750
      0.16730534      0.82868530    0.0036145493
      0.17162713      0.85153830     0.070571997
      0.17603413      0.87325792     0.016703623
      0.18052009      0.89390742    0.0079972593
      0.13935988      0.55966752    0.0056397931
      0.14252552      0.59417730     0.028355850
      0.14585341      0.62715011     0.027826441
      0.14933271      0.65861937     0.016874703
      0.15295308      0.68862746    0.0042232164
      0.15670476      0.71722346     0.012440108
      0.16057853      0.74446116    0.0030746179
      0.16456577      0.77039747    0.0042014409
      0.16865843      0.79509099     0.011805407
      0.17284904      0.81860092     0.050388139
      0.17713063      0.84098618    0.0048229587
      0.18149677      0.86230468     0.044000474
      0.12064559       1.0712492    0.0034615454
      0.11573083       1.0973598     0.039409570
      0.11090192       1.1257651     0.027559119
      0.10617060       1.1567289     0.016830879
      0.10155049       1.1905451     0.013672982
     0.097057480       1.2275379     0.023018013
     0.092710055       1.2680599     0.019714675
     0.088529662       1.3124878    0.0064818208
     0.084541084       1.3612119     0.030462998
     0.080772740       1.4146195    0.0027731126
     0.077256866       1.4730680     0.026359712
     0.074029439       1.5368476    0.0016500878
      0.12577009       1.0933528    0.0045119187
      0.12092438       1.1192414    0.0038381390
      0.11616645       1.1472709    0.0016140214
      0.11150753       1.1776681     0.018481975
      0.10696057       1.2106825    0.0032724182
      0.10254044       1.2465852     0.019385378
     0.098264280       1.2856668     0.019085641
     0.094151697       1.3282325     0.012985730
     0.090225065       1.3745934     0.018077482
     0.086509708       1.4250531     0.013905436
     0.083033992       1.4798870    0.0056223589
     0.079829224       1.5393149     0.050340246
      0.13095120       1.1137166    0.0015455795
      0.12617105       1.1393122    0.0054603327
      0.12148004       1.1669038     0.018325417
      0.11688889       1.1966871     0.051115040
      0.11240984       1.2288743     0.017830130
      0.10805682       1.2636934     0.024108552
      0.10384570       1.3013854     0.015759138
     0.099794439       1.3421997    0.0016313996
     0.095923286       1.3863870    0.0031603658
     0.092254922       1.4341882     0.017630706
     0.088814477       1.4858186     0.014324465
     0.085629428       1.5414480     0.014968110
      0.13618247       1.1325232     0.010317709
      0.13146448       1.1577736   0.00040111880
      0.12683652       1.1848849    0.0044347625
      0.12230879       1.2140262     0.024932878
      0.11789286       1.2453790     0.016654488
      0.11360176       1.2791357     0.039539567
      0.10945016       1.3154975    0.0074913558
      0.10545456       1.3546698     0.030550613
      0.10163335       1.3968567     0.041157245
     0.098006931       1.4422515    0.0063615839
     0.094597705       1.4910252     0.014623110
     0.091429973       1.5433104    0.0073124459
      0.14145834       1.1499328     0.021132256
      0.13679924       1.1748005     0.016588413
      0.13223068       1.2014039    0.0084164006
      0.12776234       1.2298896     0.011255698
      0.12340514       1.2604131     0.031322882
      0.11917125       1.2931377    0.0023477816
      0.11507430       1.3282325     0.018390077
      0.11112941       1.3658680    0.0062367419
      0.10735337       1.4062116     0.010589113
      0.10376461       1.4494205     0.019444447
      0.10038320       1.4956316    0.0086283213
     0.097230797       1.5449506     0.012621560
      0.14677399       1.1660860     0.017298750
      0.14217068       1.1905451    0.0052221343
      0.13765808       1.2166243     0.026026112
      0.13324541       1.2444508    0.0030370677
      0.12894292       1.2741586     0.016607202
      0.12476203       1.3058871     0.055649576
      0.12071535       1.3397789    0.0014941184
      0.11681685       1.3759769     0.010730817
      0.11308184       1.4146195    0.0031120320
      0.10952705       1.4558354    0.0028339444
      0.10617060       1.4997360     0.019630412
      0.10303185       1.5464061     0.044728093
      0.15212526       1.1811064     0.025185335
      0.14757479       1.2051400     0.041794628
      0.14311496       1.2306870     0.019606073
      0.13875449       1.2578584    0.0069561500
      0.13450306       1.2867700     0.033251265
      0.13037134       1.3175412     0.018356206
      0.12637106       1.3502932     0.018082340
      0.12251511       1.3851463     0.014183932
      0.11881752       1.4222160     0.053051669
      0.11529356       1.4616088     0.019533908
      0.11195959       1.5034160    0.0042766962
      0.10883310       1.5477064     0.032987727
      0.15750851       1.1951031    0.0047834832
      0.15300811       1.2187011     0.027160920
      0.14859805       1.2437144     0.052031865
      0.14428661       1.2702400     0.063687720
      0.14008289       1.2983784    0.0044404240
      0.13599690       1.3282325    0.0041773399
      0.13203954       1.3599057     0.015878938
      0.12822275       1.3935000    0.0027036065
      0.12455944       1.4291126     0.013027895
      0.12106354       1.4668321     0.068194060
      0.11774996       1.5067341    0.0090361165
      0.11463452       1.5488751    0.0074549828
      0.16292058       1.2081723    0.0098202753
      0.15846764       1.2313300    0.0020491618
      0.15410457       1.2558127     0.028630443
      0.14983921       1.2817055     0.021603418
      0.14568015       1.3090961     0.026637446
      0.14163676       1.3380733    0.0063097508
      0.13771922       1.3687261     0.011292889
      0.13393858       1.4011413     0.027726277
      0.13030675       1.4354011     0.019704399
      0.12683652       1.4715800     0.015918016
      0.12354150       1.5097411     0.011569519
      0.12043608       1.5499313    0.0050708854
      0.16835869       1.2203992     0.022700549
      0.16395076       1.2431159     0.024497404
      0.15963208       1.2670747     0.015222123
      0.15541010       1.2923504    0.0045524772
      0.15129291       1.3190197   0.00070834791
      0.14728929       1.3471597     0.031403128
      0.14340877       1.3768472     0.026445781
      0.13966159       1.4081567     0.013549782
      0.13605878       1.4411581     0.026816081
      0.13261211       1.4759145     0.019491477
      0.12933406       1.5124788     0.017544072
      0.12623776       1.5508903     0.030013152
      0.17382038       1.2318593     0.012244021
      0.16945517       1.2541376     0.024403749
      0.16517849       1.2775816    0.0085797946
      0.16099738       1.3022575    0.0038064644
      0.15691950       1.3282325    0.0058892267
      0.15295308       1.3555738     0.032099293
      0.14910705       1.3843481     0.025922601
      0.14539093       1.4146195    0.0093141721
      0.14181496       1.4464479     0.019743533
      0.13838999       1.4798870     0.032729379
      0.13512750       1.5149818    0.0058132791
      0.13203954       1.5517651    0.0010660356
      0.17930351       1.2426199     0.017294383
      0.17497887       1.2644646     0.024223221
      0.17074194       1.2874049     0.024122598
      0.16659940       1.3114992    0.0018329459
      0.16255848       1.3368068     0.017876874
      0.15862693       1.3633865     0.028573651
      0.15481310       1.3912964     0.072906453
      0.15112589       1.4205920     0.062920900
      0.14757479       1.4513249    0.0073246238
      0.14416987       1.4835411   0.00040637440
      0.14092172       1.5172789     0.014383212
      0.13784142       1.5525662     0.039555101
      0.11810689       1.0349141     0.010497595
      0.11832053      0.98585437   0.00050769980
      0.11881752      0.93708828     0.030816915
      0.11959435      0.88884200    0.0077257381
      0.12064559      0.84132733     0.010267846
      0.12196416      0.79473657   0.00099549915
      0.12354150      0.74923869    0.0067290911
      0.12536783      0.70497687     0.026178040
      0.12743246      0.66206737     0.015906507
      0.12972401      0.62059962     0.016166308
      0.13223068      0.58063741    0.0062578930
      0.13494047      0.54222082     0.010421311
      0.11308184       1.0600269    0.0025598581
      0.11315626       1.0087265     0.019098536
      0.11352763      0.95762781    0.0055638555
      0.11419305      0.90699344    0.0058252202
      0.11514743      0.85707195     0.030736868
      0.11638365      0.80809085    0.0013764837
      0.11789286      0.76025128     0.011850581
      0.11966472      0.71372438    0.0058702397
      0.12168776      0.66864944    0.0040450696
      0.12394968      0.62513375    0.0049064197
      0.12643766      0.58325380     0.025163232
      0.12913864      0.54305756     0.017803426
      0.10813470       1.0874560     0.022526379
      0.10805682       1.0337716    0.0058287528
      0.10829029      0.98016438    0.0050053822
      0.10883310      0.92693989     0.023775609
      0.10968067      0.87439072    0.0011330372
      0.11082599      0.82278735    0.0030154942
      0.11225996      0.77237064     0.012996399
      0.11397167      0.72334659     0.010536571
      0.11594884      0.67588342     0.045138218
      0.11817814      0.63011087     0.023487822
      0.12064559      0.58612143     0.012277604
      0.12333690      0.54397302     0.040583658
      0.10327668       1.1174901     0.019188027
      0.10303185       1.0612783     0.031145414
      0.10311353       1.0049775     0.012481977
      0.10352093      0.94894296    0.0037533358
      0.10425025      0.89352003     0.013448774
      0.10529478      0.83903171     0.014286788
      0.10664528      0.78576826     0.018652105
      0.10829029      0.73397951     0.059664175
      0.11021663      0.68387031     0.072796425
      0.11240984      0.63559893     0.029313184
      0.11485462      0.58927825     0.032962948
      0.11753528      0.54497886     0.022837716
     0.098520957       1.1504560     0.053137128
     0.098092789       1.0915799     0.017248674
     0.098006931       1.0323948     0.014438016
     0.098264280      0.97331302    0.0063093957
     0.098862156      0.91474295   0.00039339406
     0.099794439      0.85707195     0.019349937
      0.10105187      0.80065197    0.0092462562
      0.10262251      0.74578840     0.022851577
      0.10449222      0.69273291     0.029609459
      0.10664528      0.64168050     0.025963666
      0.10906491      0.59277027    0.0090053278
      0.11173379      0.54608915    0.0035298236
     0.093883075       1.1867216     0.031111381
     0.093253282       1.1250601    0.0031621387
     0.092982065       1.0628003     0.019466394
     0.093072559       1.0004195     0.024235446
     0.093523713      0.93840043     0.043272779
     0.094330353      0.87720935    0.0011568798
     0.095483470      0.81727571    0.0078179305
     0.096970705      0.75897584     0.017684678
     0.098776967      0.70262195    0.0056424293
      0.10088512      0.64845681    0.0094756378
      0.10327668      0.59665378     0.023993545
      0.10593246      0.54732105     0.027990863
     0.089381384       1.2266975    0.0046550720
     0.088529662       1.1621585     0.021049952
     0.088052924       1.0966444     0.013274922
     0.087957266       1.0307033     0.017970842
     0.088243928      0.96490521    0.0030292592
     0.088909212      0.89981259     0.050244830
     0.089944717      0.83595252    0.0091170810
     0.091337852      0.77379268     0.024641112
     0.093072559      0.71372438     0.019922544
     0.095130154      0.65605337     0.014348783
     0.097490195      0.60099836    0.0095034403
      0.10013130      0.54869569     0.010168377
     0.085037513       1.2708342     0.012575806
     0.083941494       1.2033744   0.00096139121
     0.083236514       1.1344527     0.010730589
     0.082932545       1.0646912    0.0071512294
     0.083033992      0.99475928     0.015308333
     0.083539377      0.92533614    0.0084658183
     0.084441448      0.85707195     0.021919711
     0.085727684      0.79055289    0.0010800512
     0.087381121      0.72627481    0.0089090635
     0.089381384      0.66462767     0.046970767
     0.091705780      0.60589112     0.011695029
     0.094330353      0.55023941     0.016425348
     0.080876896       1.3196155     0.010456012
     0.079512230       1.2492678    0.0077392220
     0.078553575       1.1768358     0.049871194
     0.078015899       1.1030121   0.00093819277
     0.077907918       1.0285755     0.017458664
     0.078231413      0.95434432     0.048003069
     0.078981081      0.88112357     0.029720234
     0.080144964      0.80965407     0.059854638
     0.081705362      0.74057143     0.019336752
     0.083640088      0.67437990     0.013028628
     0.085923857      0.61144251     0.014141327
     0.088529662      0.55198542    0.0059133915
     0.076929273       1.3735431     0.013074870
     0.075269928       1.3004527     0.014211343
     0.074029439       1.2244939     0.017073795
     0.073229098       1.1464139     0.010826492
     0.072883404       1.0671036     0.066320122
     0.072998817      0.98754253    0.0095102560
     0.073573167      0.90872896     0.019966722
     0.074595855      0.83160612     0.012510462
     0.076048795      0.75699862     0.017503881
     0.077907918      0.68556839    0.0043393712
     0.080144964      0.61779469     0.018350145
     0.082729279      0.55397628     0.029655534
     0.073229098       1.4331090     0.017014448
     0.071247991       1.3575808     0.012348044
     0.069695040       1.2782149     0.024643905
     0.068599329       1.1957779     0.030798215
     0.067982971       1.1112598     0.021171057
     0.067859027       1.0258175     0.016196008
     0.068230182      0.94068546    0.0075367559
     0.069088457      0.85707195     0.047269659
     0.070416043      0.77605976     0.017500803
     0.072187050      0.69853212     0.032080618
     0.074369807      0.62513375     0.018068318
     0.076929273      0.55626735    0.0051141465
     0.069815724       1.4987524     0.030419435
     0.067485831       1.4213068    0.0057319972
     0.065588004       1.3388581     0.016418925
     0.064160597       1.2521259     0.042215199
     0.063235473       1.1621585   0.00065103712
     0.062834822       1.0702875    0.0041274337
     0.062968656      0.97802605     0.042201749
     0.063633602      0.88692602     0.038332799
     0.064813316      0.79842569    0.0012247799
     0.066480399      0.71372438   0.00084572532
     0.068599329      0.63370805     0.017955127
     0.071129737      0.55893204     0.015554561
      0.12313197     0.011782113    0.0062172441
      0.12333690     0.058845276    0.0061480441
      0.12381377      0.10564909     0.049677450
      0.12455944      0.15199320     0.030078288
      0.12556912      0.19768900    0.0038808878
      0.12683652      0.24256387     0.018853986
      0.12835399      0.28646447     0.011539109
      0.13011279      0.32925896     0.028523069
      0.13210329      0.37083817     0.011359842
      0.13431517      0.41111575     0.011078743
      0.13673769      0.45002751     0.016294269
      0.13935988      0.48753003     0.013725185
      0.12815708    -0.011320110    0.0072079029
      0.12822275     0.033948732    0.0076584999
      0.12855060     0.079078902     0.014269843
      0.12913864      0.12388878     0.027417224
      0.12998333      0.16820442    0.0086027729
      0.13107971      0.21186340     0.033536472
      0.13242153      0.25471802     0.016030007
      0.13400142      0.29663770     0.018698057
      0.13581107      0.33751056    0.0087381112
      0.13784142      0.37724418    0.0037961982
      0.14008289      0.41576552    0.0099026039
      0.14252552      0.45302025     0.014925623
      0.13324541    -0.032668577     0.023535489
      0.13318222     0.010892970    0.0092343836
      0.13337171     0.054413241     0.020201104
      0.13381282     0.097728290    0.0081778349
      0.13450306      0.14067878    0.0064264412
      0.13543864      0.18311337    0.0062064849
      0.13661451      0.22489173     0.010655730
      0.13802452      0.26588693     0.020597766
      0.13966159      0.30598723    0.0044966529
      0.14151784      0.34509715     0.023609119
      0.14358476      0.38313795     0.012900647
      0.14585341      0.42004744     0.029227427
      0.13838999    -0.052438271     0.023145585
      0.13820737    -0.010496892    0.0068913210
      0.13826827     0.031481429     0.016299025
      0.13857236     0.073349118     0.022602110
      0.13911804      0.11496092    0.0012182820
      0.13990249      0.15617687    0.0027975571
      0.14092172      0.19686500     0.018623156
      0.14217068      0.23690364    0.0014246584
      0.14364338      0.27618326     0.010425502
      0.14533302      0.31460775     0.023701678
      0.14723213      0.35209522    0.0028285892
      0.14933271      0.38857818     0.025522101
      0.14358476    -0.070784208     0.013129000
      0.14329131    -0.030377509     0.023270470
      0.14323255     0.010128606     0.011828475
      0.14340877     0.050601528    0.0029166572
      0.14381909     0.090909298    0.0089562300
      0.14446154      0.13092317     0.026147728
      0.14533302      0.17051999     0.030889199
      0.14642945      0.20958439     0.028075373
      0.14774583      0.24801052     0.015957998
      0.14927633      0.28570347    0.0065051471
      0.15101444      0.32258020    0.0056623413
      0.15295308      0.35857009     0.033345069
      0.14882449    -0.087843731     0.019237414
      0.14842800    -0.048889001    0.0055253777
      0.14825775   -0.0097852855     0.016951045
      0.14831452     0.029348364     0.016020413
      0.14859805     0.068392349    0.0086155005
      0.14910705      0.10722870     0.027932779
      0.14983921      0.14574321     0.018818652
      0.15079129      0.18382732     0.024422029
      0.15195916      0.22137988    0.0071573344
      0.15333787      0.25830849     0.019420036
      0.15492181      0.29453058     0.011871625
      0.15670476      0.32997409     0.017802001
      0.15410457     -0.10373860     0.022213392
      0.15361213    -0.066156624     0.024535882
      0.15333787    -0.028386648     0.031819380
      0.15328296    0.0094644759   0.00085183137
      0.15344764     0.047288512     0.026073006
      0.15383119     0.084977687     0.013825482
      0.15443199      0.12242652    0.0041108074
      0.15524751      0.15953355     0.013750046
      0.15627440      0.19620290    0.0051216699
      0.15750851      0.23234564     0.013067549
      0.15894503      0.26788084    0.0043828838
      0.16057853      0.30273639   0.00091208642
      0.15942100     -0.11857688     0.019800003
      0.15883907    -0.082292343     0.016276577
      0.15846764    -0.045789421     0.012152727
      0.15830819   -0.0091640334     0.015770183
      0.15836136     0.027485946     0.041922466
      0.15862693     0.064062249     0.016586551
      0.15910385      0.10046779    0.0059084710
      0.15979021      0.13660817    0.0063508784
      0.16068334      0.17239315    0.0038116904
      0.16177981      0.20773786     0.017871502
      0.16307552      0.24256387    0.0046767709
      0.16456577      0.27680008     0.014304952
      0.16477026     -0.13245460     0.019706271
      0.16410473    -0.097396289     0.014668405
      0.16364239    -0.062096246    0.0033621115
      0.16338496    -0.026640631    0.0031559587
      0.16333343    0.0088820783     0.030963162
      0.16348798     0.044382395    0.0078332720
      0.16384803     0.079771168     0.010120099
      0.16441223      0.11496092    0.0097059384
      0.16517849      0.14986712     0.019357616
      0.16614400      0.18440933    0.0076975371
      0.16730534      0.21851225    0.0033234080
      0.16865843      0.25210656     0.010014906
      0.17014926     -0.14545725     0.019744876
      0.16940548     -0.11155808     0.017653864
      0.16885797    -0.077399583     0.010320325
      0.16850863    -0.043059209     0.017087355
      0.16835869   -0.0086169549     0.027658967
      0.16840868     0.025845748     0.020750242
      0.16865843     0.060247178     0.016661722
      0.16910706     0.094506481    0.0094421587
      0.16975298      0.12854480     0.014207811
      0.17059396      0.16228632     0.010902839
      0.17162713      0.19565926     0.015243552
      0.17284904      0.22859663    0.0019036705
      0.17555525     -0.15766106     0.013638457
      0.17473815     -0.12485803     0.027990912
      0.17411073    -0.091782748     0.045815064
      0.17367503    -0.058504924     0.023783854
      0.17343250    -0.025096915     0.016778945
      0.17338395    0.0083671999     0.013625817
      0.17352955     0.041812592     0.017834203
      0.17386881     0.075164683     0.019680394
      0.17440059      0.10835014     0.025644838
      0.17512315      0.14129781     0.018882697
      0.17603413      0.17393963     0.029655952
      0.17713063      0.20621137    0.0010622486
      0.18098583     -0.16913413    0.0032820229
      0.18009990     -0.13736818     0.022666188
      0.17939739     -0.10532086     0.021952504
      0.17888046    -0.073055002     0.017958732
      0.17855073    -0.040636088    0.0013034872
      0.17840922   -0.0081315147     0.014266035
      0.17845640     0.024390244     0.023431311
      0.17869211     0.056860499     0.031668138
      0.17911561     0.089211211     0.019496116
      0.17972557      0.12137584     0.010752851
      0.18052009      0.15329013     0.031466850
      0.18149677      0.18489287     0.030888545
      0.11810689     0.012283430    0.0054317957
      0.11308184    -0.012829302     0.043027003
      0.10813470    -0.040258488    0.0061769388
      0.10327668    -0.070292567     0.018517527
     0.098520957     -0.10325841     0.020687419
     0.093883075     -0.13952408     0.018849133
     0.089381384     -0.17949992     0.038762111
     0.085037513     -0.22363662     0.011885971
     0.080876896     -0.27241795     0.011637885
     0.076929273     -0.32634551    0.0066683761
     0.073229098     -0.38591144     0.010499369
     0.069815724     -0.45155489   0.00073782368
      0.11832053     0.061343181     0.013609866
      0.11315626     0.038471027     0.013224503
      0.10805682     0.013425944     0.015011070
      0.10303185    -0.014080783    0.0070505170
     0.098092789    -0.044382395     0.016749414
     0.093253282    -0.077862575     0.014576134
     0.088529662     -0.11496092     0.029791113
     0.083941494     -0.15617687     0.010052530
     0.079512230     -0.20207021     0.014315660
     0.075269928     -0.25325514     0.017113915
     0.071247991     -0.31038327    0.0018450531
     0.067485831     -0.37410926     0.021806674
      0.11881752      0.11010928     0.013217994
      0.11352763     0.089569739     0.033080775
      0.10829029     0.067033168     0.041278882
      0.10311353     0.042220038     0.022705076
     0.098006931     0.014802772    0.0061451734
     0.092982065    -0.015602795     0.010169571
     0.088052924    -0.049446828     0.016286719
     0.083236514    -0.087255199     0.045278597
     0.078553575     -0.12963826     0.012350083
     0.074029439     -0.17729630     0.043144973
     0.069695040     -0.23101738     0.032275546
     0.065588004     -0.29166058     0.021074475
      0.11959435      0.15835555     0.029681694
      0.11419305      0.14020411    0.0094424079
      0.10883310      0.12025766     0.027352149
      0.10352093     0.098254589    0.0016961771
     0.098264280     0.073884528     0.026569689
     0.093072559     0.046778034     0.051905809
     0.087957266     0.016494226     0.018417585
     0.082932545    -0.017493678     0.014035284
     0.078015899    -0.055814575     0.031410626
     0.073229098    -0.099216305    0.0024422990
     0.068599329     -0.14858030     0.041953226
     0.064160597     -0.20492838     0.033891067
      0.12064559      0.20587022     0.036388977
      0.11514743      0.19012560     0.013958910
      0.10968067      0.17280683     0.016218546
      0.10425025      0.15367752     0.017620785
     0.098862156      0.13245460     0.015436190
     0.093523713      0.10879712    0.0051711593
     0.088243928     0.082292343     0.023035400
     0.083033992     0.052438271     0.012036663
     0.077907918     0.018622049    0.0020830064
     0.072883404    -0.019906000    0.0082705818
     0.067982971    -0.064062249     0.017085371
     0.063235473     -0.11496092    0.0031478030
      0.12196416      0.25246098    0.0073354358
      0.11638365      0.23910670     0.029407333
      0.11082599      0.22441020     0.018955721
      0.10529478      0.20816584    0.0044060019
     0.099794439      0.19012560     0.014725160
     0.094330353      0.16998820     0.032408113
     0.088909212      0.14738496     0.054381756
     0.083539377      0.12186141     0.022719140
     0.078231413     0.092853236     0.025116261
     0.072998817     0.059655024     0.020745413
     0.067859027     0.021380085     0.019114520
     0.062834822    -0.023089906     0.010162511
      0.12354150      0.29795886     0.025632083
      0.11789286      0.28694627     0.013025922
      0.11225996      0.27482691    0.0028509045
      0.10664528      0.26142929    0.0079917612
      0.10105187      0.24654558     0.019374422
     0.095483470      0.22992184     0.058469481
     0.089944717      0.21124503     0.021055724
     0.084441448      0.19012560    0.0097023745
     0.078981081      0.16607398    0.0019099216
     0.073573167      0.13846859    0.0098471820
     0.068230182      0.10651209    0.0064774084
     0.062968656     0.069171499    0.0034624999
      0.12536783      0.34222068     0.044339415
      0.11966472      0.33347317     0.023391941
      0.11397167      0.32385096    0.0015328829
      0.10829029      0.31321804     0.019385122
      0.10262251      0.30140915     0.034030104
     0.096970705      0.28822171    0.0029732402
     0.091337852      0.27340487    0.0027464619
     0.085727684      0.25664466     0.027052696
     0.080144964      0.23754348    0.0045665932
     0.074595855      0.21559143     0.013139348
     0.069088457      0.19012560    0.0076351871
     0.063633602      0.16027153     0.012302486
      0.12743246      0.38513018     0.016787961
      0.12168776      0.37854811    0.0021806180
      0.11594884      0.37131413     0.026599396
      0.11021663      0.36332724     0.020078530
      0.10449222      0.35446464    0.0051749353
     0.098776967      0.34457561     0.019550580
     0.093072559      0.33347317    0.0014374252
     0.087381121      0.32092274     0.058723609
     0.081705362      0.30662612     0.024813304
     0.076048795      0.29019893     0.022156188
     0.070416043      0.27113779    0.0053100613
     0.064813316      0.24877186     0.053147337
      0.12972401      0.42659793     0.011467188
      0.12394968      0.42206380     0.018795439
      0.11817814      0.41708668    0.0059025936
      0.11240984      0.41159862     0.033093992
      0.10664528      0.40551705     0.018105375
      0.10088512      0.39874075    0.0021257488
     0.095130154      0.39114418    0.0069347706
     0.089381384      0.38256988     0.011298196
     0.083640088      0.37281765    0.0057669923
     0.077907918      0.36162916   0.00089649213
     0.072187050      0.34866543     0.042535185
     0.066480399      0.33347317     0.027694715
      0.13223068      0.46656014    0.0097559727
      0.12643766      0.46394375     0.026257333
      0.12064559      0.46107613     0.043205209
      0.11485462      0.45791930     0.016739657
      0.10906491      0.45442728     0.021306367
      0.10327668      0.45054377    0.0074388667
     0.097490195      0.44619919    0.0024131526
     0.091705780      0.44130643    0.0015156831
     0.085923857      0.43575504   0.00084253931
     0.080144964      0.42940287    0.0061729646
     0.074369807      0.42206380    0.0072546341
     0.068599329      0.41348950     0.018106932
      0.13494047      0.50497673    0.0047365304
      0.12913864      0.50413999    0.0022860003
      0.12333690      0.50322453    0.0014831309
      0.11753528      0.50221869     0.014190059
      0.11173379      0.50110840     0.021061597
      0.10593246      0.49987650     0.012110817
      0.10013130      0.49850186     0.010479267
     0.094330353      0.49695814    0.0062135443
     0.088529662      0.49521213    0.0016017265
     0.082729279      0.49322127    0.0096385353
     0.076929273      0.49093020     0.042917181
     0.071129737      0.48826551    0.0045848546
      0.12064559    -0.024051622    0.0078129540
      0.12577009    -0.046155219    0.0091711349
      0.13095120    -0.066519054    0.0049015707
      0.13618247    -0.085325698     0.013040049
      0.14145834     -0.10273529     0.059755649
      0.14677399     -0.11888845     0.010286285
      0.15212526     -0.13390888    0.0019403154
      0.15750851     -0.14790557     0.016909276
      0.16292058     -0.16097476     0.015793417
      0.16835869     -0.17320164    0.0097896079
      0.17382038     -0.18466178     0.018450501
      0.17930351     -0.19542235    0.0095170793
      0.11573083    -0.050162255     0.012349408
      0.12092438    -0.072043881     0.018195925
      0.12617105    -0.092114622    0.0030641511
      0.13146448     -0.11057601     0.043793305
      0.13679924     -0.12760295     0.040568583
      0.14217068     -0.14334757     0.013697421
      0.14757479     -0.15794247     0.011762335
      0.15300811     -0.17150355    0.0072937315
      0.15846764     -0.18413242     0.033092256
      0.16395076     -0.19591835     0.024084025
      0.16945517     -0.20694005     0.017365920
      0.17497887     -0.21726707     0.032465023
      0.11090192    -0.078567520    0.0023224497
      0.11616645     -0.10007333     0.021306254
      0.12148004     -0.11970623    0.0027499190
      0.12683652     -0.13768733     0.025629628
      0.13223068     -0.15420639    0.0093896900
      0.13765808     -0.16942676     0.018397994
      0.14311496     -0.18348949     0.032922611
      0.14859805     -0.19651685    0.0017285274
      0.15410457     -0.20861514    0.0069267511
      0.15963208     -0.21987715     0.012628174
      0.16517849     -0.23038409     0.021047877
      0.17074194     -0.24020735     0.018796164
      0.10617060     -0.10953135     0.022396659
      0.11150753     -0.13047058    0.0020415068
      0.11688889     -0.14948952    0.0018651974
      0.12230879     -0.16682869     0.018553812
      0.12776234     -0.18269205     0.012363278
      0.13324541     -0.19725326     0.013522795
      0.13875449     -0.21066087     0.024236734
      0.14428661     -0.22304243    0.0032579188
      0.14983921     -0.23450800     0.023088149
      0.15541010     -0.24515288    0.0035707740
      0.16099738     -0.25505998     0.018701630
      0.16659940     -0.26430167    0.0013814949
      0.10155049     -0.14334757     0.028339399
      0.10696057     -0.16348497    0.0045197307
      0.11240984     -0.18167678     0.017835262
      0.11789286     -0.19818148    0.0012191010
      0.12340514     -0.21321551    0.0082778667
      0.12894292     -0.22696108    0.0043205222
      0.13450306     -0.23957243    0.0040201588
      0.14008289     -0.25118083     0.016299226
      0.14568015     -0.26189855    0.0075170361
      0.15129291     -0.27182213    0.0086382122
      0.15691950     -0.28103490    0.0041604776
      0.16255848     -0.28960920     0.014064920
     0.097057480     -0.18034032     0.012654947
      0.10254044     -0.19938764     0.014447727
      0.10805682     -0.21649590     0.016811219
      0.11360176     -0.23193820     0.025382362
      0.11917125     -0.24594018    0.0047401653
      0.12476203     -0.25868958     0.019544976
      0.13037134     -0.27034364     0.020270333
      0.13599690     -0.28103490     0.019394388
      0.14163676     -0.29087578    0.0043641719
      0.14728929     -0.29996216     0.010759945
      0.15295308     -0.30837626     0.031565905
      0.15862693     -0.31618896    0.0077496316
     0.092710055     -0.22086238     0.018567611
     0.098264280     -0.23846921     0.020214406
      0.10384570     -0.25418785   0.00049823052
      0.10945016     -0.26829992     0.020161636
      0.11507430     -0.28103490     0.014985534
      0.12071535     -0.29258139     0.013559331
      0.12637106     -0.30309566    0.0079936518
      0.13203954     -0.31270816     0.018773448
      0.13771922     -0.32152856    0.0058719784
      0.14340877     -0.32964968    0.0023864561
      0.14910705     -0.33715055    0.0090312893
      0.15481310     -0.34409885    0.0042695062
     0.088529662     -0.26529029     0.030558306
     0.094151697     -0.28103490     0.019283600
     0.099794439     -0.29500214     0.016201879
      0.10545456     -0.30747226     0.013715657
      0.11112941     -0.31867040    0.0015040962
      0.11681685     -0.32877930     0.042066449
      0.12251511     -0.33794873    0.0043478648
      0.12822275     -0.34630247     0.046028990
      0.13393858     -0.35394373     0.027042154
      0.13966159     -0.36095912     0.010584598
      0.14539093     -0.36742190    0.0053773342
      0.15112589     -0.37339442     0.016774740
     0.084541084     -0.31401438     0.017112808
     0.090225065     -0.32739588    0.0010864989
     0.095923286     -0.33918945     0.022624746
      0.10163335     -0.34965915     0.013081135
      0.10735337     -0.35901409     0.010912976
      0.11308184     -0.36742190     0.023841457
      0.11881752     -0.37501847     0.016266117
      0.12455944     -0.38191504    0.0098968140
      0.13030675     -0.38820352     0.017878071
      0.13605878     -0.39396051     0.040255611
      0.14181496     -0.39925032     0.015177821
      0.14757479     -0.40412734     0.011061967
     0.080772740     -0.36742190    0.0085519164
     0.086509708     -0.37785557    0.0054791952
     0.092254922     -0.38699060     0.022755395
     0.098006931     -0.39505398    0.0034234230
      0.10376461     -0.40222294     0.064661164
      0.10952705     -0.40863786     0.010649246
      0.11529356     -0.41441129     0.031361877
      0.12106354     -0.41963456    0.0078602107
      0.12683652     -0.42438247     0.013984789
      0.13261211     -0.42871690     0.018481237
      0.13838999     -0.43268948     0.016837269
      0.14416987     -0.43634358     0.015156664
     0.077256866     -0.42587049     0.032968272
     0.083033992     -0.43268948     0.042564308
     0.088814477     -0.43862109     0.029240013
     0.094597705     -0.44382761     0.010346120
      0.10038320     -0.44843409    0.0083013501
      0.10617060     -0.45253846     0.029715081
      0.11195959     -0.45621843     0.011596925
      0.11774996     -0.45953653     0.010551429
      0.12354150     -0.46254355    0.0095892223
      0.12933406     -0.46528124    0.0058157279
      0.13512750     -0.46778420     0.023519509
      0.14092172     -0.47008135     0.021329714
     0.074029439     -0.48965004     0.025366280
     0.079829224     -0.49211735    0.0046021408
     0.085629428     -0.49425041    0.0082291538
     0.091429973     -0.49611283    0.0088689676
     0.097230797     -0.49775303    0.0019566154
      0.10303185     -0.49920853   0.00065670478
      0.10883310     -0.50050887    0.0036171977
      0.11463452     -0.50167759     0.030903298
      0.12043608     -0.50273372     0.021311721
      0.12623776     -0.50369278     0.020838400
      0.13203954     -0.50456755     0.021643761
      0.13784142     -0.50536868     0.013395111
      0.12064559      -1.0231459     0.012882285
      0.11573083     -0.99703530    0.0072665649
      0.11090192     -0.96863003    0.0054464171
      0.10617060     -0.93766620     0.015851584
      0.10155049     -0.90384998     0.023455885
     0.097057480     -0.86685723     0.025714612
     0.092710055     -0.82633517     0.014335287
     0.088529662     -0.78190727     0.012597422
     0.084541084     -0.73318317     0.029915365
     0.080772740     -0.67977565     0.023410782
     0.077256866     -0.62132707    0.0087041950
     0.074029439     -0.55754751    0.0088492808
      0.12577009      -1.0010423     0.010716842
      0.12092438     -0.97515367     0.018520842
      0.11616645     -0.94712422    0.0085414389
      0.11150753     -0.91672697     0.026774675
      0.10696057     -0.88371258     0.027107196
      0.10254044     -0.84780991     0.015583345
     0.098264280     -0.80872834     0.021683629
     0.094151697     -0.76616265     0.024946282
     0.090225065     -0.71980168    0.0035607005
     0.086509708     -0.66934198    0.0041705051
     0.083033992     -0.61450807     0.037088194
     0.079829224     -0.55508020    0.0020962037
      0.13095120     -0.98067850    0.0072769551
      0.12617105     -0.95508293     0.053129728
      0.12148004     -0.92749132     0.023104695
      0.11688889     -0.89770804    0.0018108295
      0.11240984     -0.86552078     0.017587455
      0.10805682     -0.83070165   0.00085785985
      0.10384570     -0.79300970    0.0063768641
     0.099794439     -0.75219541     0.017486761
     0.095923286     -0.70800810    0.0064166830
     0.092254922     -0.66020695    0.0040671394
     0.088814477     -0.60857646     0.015499404
     0.085629428     -0.55294714    0.0097722459
      0.13618247     -0.96187185     0.014957521
      0.13146448     -0.93662154   0.00099463947
      0.12683652     -0.90951022    0.0059431400
      0.12230879     -0.88036886     0.016414707
      0.11789286     -0.84901607     0.019261263
      0.11360176     -0.81525936     0.020757181
      0.10945016     -0.77889763     0.019547727
      0.10545456     -0.73972529    0.0010006383
      0.10163335     -0.69753840     0.011508342
     0.098006931     -0.65214357     0.017353951
     0.094597705     -0.60336994    0.0089671011
     0.091429973     -0.55108472   0.00048613885
      0.14145834     -0.94446226     0.018629395
      0.13679924     -0.91959460     0.010602782
      0.13223068     -0.89299116     0.016267076
      0.12776234     -0.86450551     0.029118642
      0.12340514     -0.83398204     0.019256424
      0.11917125     -0.80125737     0.053458800
      0.11507430     -0.76616265     0.010416405
      0.11112941     -0.72852715    0.0039518261
      0.10735337     -0.68818346     0.012714085
      0.10376461     -0.64497461     0.027161859
      0.10038320     -0.59876346    0.0087299509
     0.097230797     -0.54944452    0.0030654820
      0.14677399     -0.92830910     0.014772853
      0.14217068     -0.90384998     0.017779443
      0.13765808     -0.87777079    0.0025944442
      0.13324541     -0.84994429     0.024771010
      0.12894292     -0.82023647     0.044893394
      0.12476203     -0.78850797    0.0073004123
      0.12071535     -0.75461616    0.0068821300
      0.11681685     -0.71841825    0.0012054543
      0.11308184     -0.67977565     0.011082981
      0.10952705     -0.63855970     0.045860695
      0.10617060     -0.59465910    0.0092250822
      0.10303185     -0.54798902     0.025178076
      0.15212526     -0.91328867    0.0074264754
      0.14757479     -0.88925508     0.010461311
      0.14311496     -0.86370806     0.014203991
      0.13875449     -0.83653668    0.0066730129
      0.13450306     -0.80762512    0.0055359434
      0.13037134     -0.77685391    0.0095604057
      0.12637106     -0.74410189     0.031275775
      0.12251511     -0.70924883    0.0011918549
      0.11881752     -0.67217908     0.038702269
      0.11529356     -0.63278626     0.026331503
      0.11195959     -0.59097912     0.035580539
      0.10883310     -0.54668868     0.016689849
      0.15750851     -0.89929199     0.017091914
      0.15300811     -0.87569400     0.020170369
      0.14859805     -0.85068070     0.031737216
      0.14428661     -0.82415512     0.018714351
      0.14008289     -0.79601672     0.011476971
      0.13599690     -0.76616265     0.023770033
      0.13203954     -0.73448939    0.0045084460
      0.12822275     -0.70089508     0.055556843
      0.12455944     -0.66528251    0.0067261180
      0.12106354     -0.62756299    0.0039240720
      0.11774996     -0.58766102    0.0040490538
      0.11463452     -0.54551996     0.013997540
      0.16292058     -0.88622279     0.020647736
      0.15846764     -0.86306513    0.0035911299
      0.15410457     -0.83858241     0.014524803
      0.14983921     -0.81268955    0.0090470001
      0.14568015     -0.78529900     0.031057909
      0.14163676     -0.75632177    0.0099534517
      0.13771922     -0.72566899    0.0022527234
      0.13393858     -0.69325382     0.053006272
      0.13030675     -0.65899403    0.0098671830
      0.12683652     -0.62281508    0.0098837771
      0.12354150     -0.58465400     0.031293742
      0.12043608     -0.54446383     0.018063569
      0.16835869     -0.87399591    0.0074921547
      0.16395076     -0.85127920     0.066886379
      0.15963208     -0.82732041    0.0047470242
      0.15541010     -0.80204467     0.026074686
      0.15129291     -0.77537543     0.020824296
      0.14728929     -0.74723539    0.0015211187
      0.14340877     -0.71754787     0.012751486
      0.13966159     -0.68623843    0.0056778540
      0.13605878     -0.65323704    0.0040578260
      0.13261211     -0.61848065     0.019905441
      0.12933406     -0.58191631     0.019093970
      0.12623776     -0.54350478     0.014359087
      0.17382038     -0.86253578     0.017553002
      0.16945517     -0.84025751     0.017236851
      0.16517849     -0.81681346    0.0015571610
      0.16099738     -0.79213757     0.024596467
      0.15691950     -0.76616265   0.00095065065
      0.15295308     -0.73882129     0.023861605
      0.14910705     -0.71004701     0.017668217
      0.14539093     -0.67977565    0.0045433291
      0.14181496     -0.64794723     0.045869569
      0.13838999     -0.61450807     0.018258189
      0.13512750     -0.57941335     0.013507287
      0.13203954     -0.54263000   0.00049348838
      0.17930351     -0.85177521     0.016331120
      0.17497887     -0.82993048    0.0074392739
      0.17074194     -0.80699020     0.030594725
      0.16659940     -0.78289588    0.0037735008
      0.16255848     -0.75758835    0.0051881986
      0.15862693     -0.73100859     0.049311288
      0.15481310     -0.70309870    0.0094980227
      0.15112589     -0.67380313     0.018710220
      0.14757479     -0.64307021     0.017022502
      0.14416987     -0.61085397     0.011738453
      0.14092172     -0.57711621    0.0022118924
      0.13784142     -0.54182887    0.0034578246
      0.11810689      -1.0594810     0.010786045
      0.11832053      -1.1085407     0.015750294
      0.11881752      -1.1573068    0.0059377189
      0.11959435      -1.2055531    0.0045260943
      0.12064559      -1.2530678     0.021252167
      0.12196416      -1.2996585     0.015549022
      0.12354150      -1.3451564    0.0083696500
      0.12536783      -1.3894182     0.026097547
      0.12743246      -1.4323277     0.027949153
      0.12972401      -1.4737955    0.0097907470
      0.13223068      -1.5137577     0.024593202
      0.13494047      -1.5521743    0.0063149467
      0.11308184      -1.0343682    0.0097693994
      0.11315626      -1.0856686    0.0038938513
      0.11352763      -1.1367673    0.0092224558
      0.11419305      -1.1874017     0.029824991
      0.11514743      -1.2373232   0.00050620159
      0.11638365      -1.2863043     0.013296712
      0.11789286      -1.3341438     0.013849348
      0.11966472      -1.3806707     0.022988252
      0.12168776      -1.4257457     0.014802609
      0.12394968      -1.4692613    0.0048816309
      0.12643766      -1.5111413    0.0044087138
      0.12913864      -1.5513375     0.017563347
      0.10813470      -1.0069391     0.016601325
      0.10805682      -1.0606235     0.014128334
      0.10829029      -1.1142307    0.0081843451
      0.10883310      -1.1674552     0.010246340
      0.10968067      -1.2200044     0.012098342
      0.11082599      -1.2716078    0.0046949407
      0.11225996      -1.3220245     0.026242311
      0.11397167      -1.3710485    0.0036640414
      0.11594884      -1.4185117     0.027875979
      0.11817814      -1.4642842    0.0065944299
      0.12064559      -1.5082737     0.051526659
      0.12333690      -1.5504221     0.015013061
      0.10327668     -0.97690498     0.016943075
      0.10303185      -1.0331168     0.019691786
      0.10311353      -1.0894176    0.0090334028
      0.10352093      -1.1454521     0.014430516
      0.10425025      -1.2008751   0.00096650086
      0.10529478      -1.2553634     0.029841106
      0.10664528      -1.3086268     0.017885209
      0.10829029      -1.3604156     0.020063476
      0.11021663      -1.4105248     0.011869192
      0.11240984      -1.4587962     0.029976283
      0.11485462      -1.5051169     0.012367245
      0.11753528      -1.5494162     0.019865449
     0.098520957     -0.94393914    0.0076048590
     0.098092789      -1.0028152    0.0067749868
     0.098006931      -1.0620003     0.017183227
     0.098264280      -1.1210821     0.017669650
     0.098862156      -1.1796521   0.00043196943
     0.099794439      -1.2373232     0.019170534
      0.10105187      -1.2937431     0.017371556
      0.10262251      -1.3486067     0.014862795
      0.10449222      -1.4016622    0.0027870967
      0.10664528      -1.4527146    0.0076210556
      0.10906491      -1.5016248     0.053147961
      0.11173379      -1.5483060    0.0068253293
     0.093883075     -0.90767348    0.0067142819
     0.093253282     -0.96933498     0.010872291
     0.092982065      -1.0315948     0.021633600
     0.093072559      -1.0939756     0.025974814
     0.093523713      -1.1559947     0.019469844
     0.094330353      -1.2171858     0.014514097
     0.095483470      -1.2771194     0.024702665
     0.096970705      -1.3354193     0.018663670
     0.098776967      -1.3917732     0.030458007
      0.10088512      -1.4459383     0.015021788
      0.10327668      -1.4977413    0.0096825209
      0.10593246      -1.5470741     0.018258251
     0.089381384     -0.86769763    0.0096332486
     0.088529662     -0.93223663     0.022170346
     0.088052924     -0.99775072    0.0063728470
     0.087957266      -1.0636918     0.014995116
     0.088243928      -1.1294899     0.052768083
     0.088909212      -1.1945825     0.045065741
     0.089944717      -1.2584426   0.00062052394
     0.091337852      -1.3206024     0.010239523
     0.093072559      -1.3806707     0.016735384
     0.095130154      -1.4383417     0.014002259
     0.097490195      -1.4933967    0.0020976475
      0.10013130      -1.5456994     0.015190337
     0.085037513     -0.82356093     0.042242495
     0.083941494     -0.89102068     0.029293855
     0.083236514     -0.95994235    0.0020509501
     0.082932545      -1.0297039     0.017539308
     0.083033992      -1.0996358    0.0064777608
     0.083539377      -1.1690590     0.010176444
     0.084441448      -1.2373232     0.022689426
     0.085727684      -1.3038422     0.016972274
     0.087381121      -1.3681203     0.025623170
     0.089381384      -1.4297674     0.022972990
     0.091705780      -1.4885040     0.017237815
     0.094330353      -1.5441557    0.0096101928
     0.080876896     -0.77477960     0.019659255
     0.079512230     -0.84512734     0.025056823
     0.078553575     -0.91755929     0.016974283
     0.078015899     -0.99138298    0.0024217414
     0.077907918      -1.0658196     0.011798582
     0.078231413      -1.1400508     0.027439715
     0.078981081      -1.2132715    0.0019783344
     0.080144964      -1.2847410    0.0034188119
     0.081705362      -1.3538237     0.013249770
     0.083640088      -1.4200152    0.0069175045
     0.085923857      -1.4829526    0.0046191786
     0.088529662      -1.5424097     0.016577807
     0.076929273     -0.72085204     0.017822443
     0.075269928     -0.79394241     0.019959294
     0.074029439     -0.86990125     0.013734316
     0.073229098     -0.94798125     0.019355700
     0.072883404      -1.0272916     0.016314138
     0.072998817      -1.1068526     0.011138955
     0.073573167      -1.1856661     0.017218010
     0.074595855      -1.2627890     0.017075368
     0.076048795      -1.3373965     0.015106590
     0.077907918      -1.4088267     0.037895486
     0.080144964      -1.4766004    0.0093748439
     0.082729279      -1.5404188    0.0081484385
     0.073229098     -0.66128611     0.018428157
     0.071247991     -0.73681429     0.037673286
     0.069695040     -0.81618017     0.039930640
     0.068599329     -0.89861725     0.023502409
     0.067982971     -0.98313530     0.053598111
     0.067859027      -1.0685776     0.026682352
     0.068230182      -1.1537096     0.013693763
     0.069088457      -1.2373232     0.023906522
     0.070416043      -1.3183353    0.0055958018
     0.072187050      -1.3958630     0.030145330
     0.074369807      -1.4692613     0.031155611
     0.076929273      -1.5381277    0.0092097698
     0.069815724     -0.59564266     0.031878363
     0.067485831     -0.67308829     0.014608677
     0.065588004     -0.75553697    0.0015642763
     0.064160597     -0.84226918     0.015277488
     0.063235473     -0.93223663     0.014341990
     0.062834822      -1.0241076     0.016856195
     0.062968656      -1.1163691    0.0044583157
     0.063633602      -1.2074691     0.030473163
     0.064813316      -1.2959694     0.039390345
     0.066480399      -1.3806707    0.0089002284
     0.068599329      -1.4606871     0.012532187
     0.071129737      -1.5354631     0.044639151
      0.12313197      -1.0589797     0.020596601
      0.12815708      -1.0358774    0.0045818564
      0.13324541      -1.0145290     0.023612656
      0.13838999     -0.99475928     0.021111480
      0.14358476     -0.97641334     0.021088492
      0.14882449     -0.95935382    0.0083436837
      0.15410457     -0.94345895     0.017981294
      0.15942100     -0.92862067    0.0015193477
      0.16477026     -0.91474295    0.0050827532
      0.17014926     -0.90174030     0.022816342
      0.17555525     -0.88953649     0.014553651
      0.18098583     -0.87806342    0.0029918404
      0.12333690      -1.1060428     0.018036838
      0.12822275      -1.0811463     0.010243753
      0.13318222      -1.0580905    0.0086494750
      0.13820737      -1.0367007     0.014917560
      0.14329131      -1.0168200     0.011908709
      0.14842800     -0.99830855    0.0063208706
      0.15361213     -0.98104093     0.019107292
      0.15883907     -0.96490521    0.0079187244
      0.16410473     -0.94980126     0.019800022
      0.16940548     -0.93563947     0.018740313
      0.17473815     -0.92233952     0.018718418
      0.18009990     -0.90982937     0.027310773
      0.12381377      -1.1528466     0.022591023
      0.12855060      -1.1262765     0.012877965
      0.13337171      -1.1016108     0.033383496
      0.13826827      -1.0786790     0.010037957
      0.14323255      -1.0573262    0.0012420245
      0.14825775      -1.0374123    0.0030600925
      0.15333787      -1.0188109    0.0077465340
      0.15846764      -1.0014081     0.051776156
      0.16364239     -0.98510130     0.045817384
      0.16885797     -0.96979797    0.0014628579
      0.17411073     -0.95541480     0.017096258
      0.17939739     -0.94187669     0.021278949
      0.12455944      -1.1991907     0.010261082
      0.12913864      -1.1710863     0.030225003
      0.13381282      -1.1449258    0.0062780932
      0.13857236      -1.1205467     0.024589770
      0.14340877      -1.0977991    0.0046589287
      0.14831452      -1.0765459    0.0044913279
      0.15328296      -1.0566620    0.0058142508
      0.15830819      -1.0380335     0.053225292
      0.16338496      -1.0205569     0.019139691
      0.16850863      -1.0041383     0.045907642
      0.17367503     -0.98869263     0.018118571
      0.17888046     -0.97414255     0.025980952
      0.12556912      -1.2448866    0.0084173507
      0.12998333      -1.2154020    0.0024667846
      0.13450306      -1.1878763     0.030163553
      0.13911804      -1.1621585     0.020151257
      0.14381909      -1.1381068    0.0059269357
      0.14859805      -1.1155899    0.0076431371
      0.15344764      -1.0944861    0.0088157862
      0.15836136      -1.0746835    0.0034336599
      0.16333343      -1.0560796     0.018159228
      0.16835869      -1.0385806     0.011494493
      0.17343250      -1.0221006     0.028547255
      0.17855073      -1.0065615    0.0026506912
      0.12683652      -1.2897614    0.0016472426
      0.13107971      -1.2590610     0.028062112
      0.13543864      -1.2303109     0.015483739
      0.13990249      -1.2033744    0.0053203113
      0.14446154      -1.1781207     0.013967416
      0.14910705      -1.1544263     0.021576124
      0.15383119      -1.1321752     0.013437604
      0.15862693      -1.1112598     0.024585159
      0.16348798      -1.0915799     0.018028714
      0.16840868      -1.0730433     0.019855782
      0.17338395      -1.0555648    0.0063608320
      0.17840922      -1.0390660    0.0046263330
      0.12835399      -1.3336620     0.032522344
      0.13242153      -1.3019156     0.032806568
      0.13661451      -1.2720893     0.047450088
      0.14092172      -1.2440625     0.018738757
      0.14533302      -1.2177175    0.0071595458
      0.14983921      -1.1929408     0.037035524
      0.15443199      -1.1696241    0.0073979031
      0.15910385      -1.1476653     0.012019631
      0.16384803      -1.1269687    0.0015680594
      0.16865843      -1.1074447     0.051752365
      0.17352955      -1.0890101     0.025418594
      0.17845640      -1.0715878     0.010657437
      0.13011279      -1.3764565    0.0017825582
      0.13400142      -1.3438352     0.011064363
      0.13802452      -1.3130845     0.016094482
      0.14217068      -1.2841012     0.055622988
      0.14642945      -1.2567819     0.015580490
      0.15079129      -1.2310249     0.011112166
      0.15524751      -1.2067311    0.0031100380
      0.15979021      -1.1838057     0.019538504
      0.16441223      -1.1621585    0.0061436603
      0.16910706      -1.1417040     0.019771293
      0.17386881      -1.1223622     0.021895054
      0.17869211      -1.1040581     0.033293776
      0.13210329      -1.4180357     0.019791448
      0.13581107      -1.3847081     0.017876725
      0.13966159      -1.3531848    0.0023594614
      0.14364338      -1.3233808     0.025294399
      0.14774583      -1.2952081     0.032302084
      0.15195916      -1.2685774     0.023360123
      0.15627440      -1.2434005     0.021728695
      0.16068334      -1.2195907    0.0030186916
      0.16517849      -1.1970647     0.057484551
      0.16975298      -1.1757423     0.028735525
      0.17440059      -1.1555477     0.018823821
      0.17911561      -1.1364088    0.0089083926
      0.13431517      -1.4583133    0.0031278450
      0.13784142      -1.4244417     0.030947190
      0.14151784      -1.3922947     0.026712135
      0.14533302      -1.3618053     0.017527959
      0.14927633      -1.3329010     0.026691019
      0.15333787      -1.3055060     0.023860618
      0.15750851      -1.2795432     0.019572008
      0.16177981      -1.2549354     0.010336413
      0.16614400      -1.2316069     0.014727047
      0.17059396      -1.2094839     0.020001492
      0.17512315      -1.1884954     0.028980657
      0.17972557      -1.1685734     0.014930800
      0.13673769      -1.4972251    0.0058745303
      0.14008289      -1.4629631     0.031993812
      0.14358476      -1.4303355    0.0042043665
      0.14723213      -1.3992928    0.0076519528
      0.15101444      -1.3697778     0.021889307
      0.15492181      -1.3417281     0.049970131
      0.15894503      -1.3150784    0.0086716641
      0.16307552      -1.2897614     0.031142016
      0.16730534      -1.2657098    0.0082736940
      0.17162713      -1.2428568    0.0011108170
      0.17603413      -1.2211372     0.023305578
      0.18052009      -1.2004877     0.033509288
      0.13935988      -1.5347276   0.00070998049
      0.14252552      -1.5002178    0.0031740597
      0.14585341      -1.4672450    0.0099275290
      0.14933271      -1.4357757    0.0019323163
      0.15295308      -1.4057676     0.025157514
      0.15670476      -1.3771716    0.0088144551
      0.16057853      -1.3499339     0.022188724
      0.16456577      -1.3239976     0.031554818
      0.16865843      -1.2993041    0.0054481759
      0.17284904      -1.2757942     0.019656606
      0.17713063      -1.2534089     0.021879857
      0.18149677      -1.2320904     0.010882678
