    0.0029014425      0.52359878       2.4630803
    0.0076764953       1.2373232       2.4203409
     0.013296080       1.3806707       2.3723801
     0.019026031       1.4383417       2.3158458
     0.024789936       1.4692613       2.2467051
     0.030568593       1.4885040       2.1598669
     0.036354970       1.5016248       2.0485836
     0.042145887       1.5111413       1.9034048
     0.047939698       1.5183581       1.7102214
     0.053735467       1.5240183       1.4464016
     0.059532623       1.5285763       1.0727114
     0.065330796       1.5323253      0.52005505
    0.0076764953     -0.19012560       2.4757241
    0.0087043275      0.52359878       2.4443020
     0.012647095      0.93223663       2.4088353
     0.017648786       1.1294899       2.3658185
     0.023029486       1.2373232       2.3112599
     0.028575895       1.3038422       2.2404495
     0.034207502       1.3486067       2.1476584
     0.039888240       1.3806707       2.0256626
     0.045599748       1.4047223       1.8649933
     0.051331758       1.4234114       1.6531709
     0.057078092       1.4383417       1.3767137
     0.062834822       1.4505387       1.0475630
     0.013296080     -0.33347317       2.4777630
     0.012647095      0.11496092       2.4592605
     0.014507212      0.52359878       2.4382995
     0.018119503      0.80463368       2.4112360
     0.022660990      0.98313530       2.3740744
     0.027677997       1.0996358       2.3223309
     0.032954052       1.1796521       2.2510037
     0.038382476       1.2373232       2.1546315
     0.043906792       1.2805974       2.0274803
     0.049494901       1.3141517       1.8643532
     0.055127407       1.3408745       1.6642457
     0.060791971       1.3626305       1.4442858
     0.019026031     -0.39114418       2.4658052
     0.017648786    -0.082292343       2.4619306
     0.018119503      0.24256387       2.4574629
     0.020310097      0.52359878       2.4486591
     0.023749330      0.73681429       2.4314960
     0.027980498      0.89102068       2.4014994
     0.032697596       1.0028152       2.3538389
     0.037718752       1.0856686       2.2837552
     0.042937428       1.1487325       2.1873133
     0.048289627       1.1979787       2.0626186
     0.053735467       1.2373232       1.9123288
     0.059249132       1.2693872       1.7494120
     0.024789936     -0.42206380       2.4357348
     0.023029486     -0.19012560       2.4484672
     0.022660990     0.064062249       2.4625897
     0.023749330      0.31038327       2.4743455
     0.026112982      0.52359878       2.4797948
     0.029446425      0.69510233       2.4744142
     0.033461067      0.82868530       2.4530632
     0.037941284      0.93223663       2.4105687
     0.042740917       1.0132488       2.3429578
     0.047763772       1.0775751       2.2490590
     0.052946357       1.1294899       2.1322300
     0.058246052       1.1720556       2.0024690
     0.030568593     -0.44130643       2.3825091
     0.028575895     -0.25664466       2.4143635
     0.027677997    -0.052438271       2.4494597
     0.027980498      0.15617687       2.4841087
     0.029446425      0.35209522       2.5147656
     0.031915867      0.52359878       2.5371669
     0.035178121      0.66694634       2.5457899
     0.039034916      0.78401695       2.5341555
     0.043327776      0.87899313       2.4964324
     0.047939698      0.95628825       2.4300105
     0.052787119       1.0197116       2.3376669
     0.057810832       1.0722945       2.2282184
     0.036354970     -0.45442728       2.2997599
     0.034207502     -0.30140915       2.3542929
     0.032954052     -0.13245460       2.4133900
     0.032697596     0.044382395       2.4733664
     0.033461067      0.21851225       2.5315448
     0.035178121      0.38025121       2.5847292
     0.037718752      0.52359878       2.6277699
     0.040929883      0.64669121       2.6527770
     0.044667139      0.75055985       2.6502600
     0.048809818      0.83761316       2.6131518
     0.053263404      0.91058938       2.5416782
     0.057956268      0.97203287       2.4446740
     0.042145887     -0.46394375       2.1790148
     0.039888240     -0.33347317       2.2618300
     0.038382476     -0.19012560       2.3493613
     0.037718752    -0.038471027       2.4375043
     0.037941284      0.11496092       2.5249562
     0.039034916      0.26318061       2.6107787
     0.040929883      0.40050634       2.6920173
     0.043521637      0.52359878       2.7611271
     0.046694298      0.63143204       2.8044743
     0.050338146      0.72461735       2.8059614
     0.054358508      0.80463368       2.7577397
     0.058678043      0.87325792       2.6681108
     0.047939698     -0.47116050       2.0082153
     0.045599748     -0.35752479       2.1290090
     0.043906792     -0.23339984       2.2522833
     0.042937428     -0.10153498       2.3725965
     0.042740917     0.033948732       2.4905799
     0.043327776      0.16820442       2.6087721
     0.044667139      0.29663770       2.7287261
     0.046694298      0.41576552       2.8473709
     0.049324522      0.52359878       2.9512334
     0.052467195      0.61952847       3.0123225
     0.056036162      0.70393909       3.0011166
     0.059955345      0.77778663       2.9171130
     0.053735467     -0.47682074       1.7689557
     0.051331758     -0.37621381       1.9459706
     0.049494901     -0.26695412       2.1177018
     0.048289627     -0.15078113       2.2765082
     0.047763772    -0.030377509       2.4263681
     0.047939698     0.090909298       2.5744706
     0.048809818      0.20958439       2.7283062
     0.050338146      0.32258020       2.8933031
     0.052467195      0.42766908       3.0665298
     0.055127407      0.52359878       3.2203099
     0.058246052      0.60998578       3.2870759
     0.061753712      0.68708375       3.2176538
     0.059532623     -0.48137874       1.4317446
     0.057078092     -0.39114418       1.7026002
     0.055127407     -0.29367693       1.9442792
     0.053735467     -0.19012560       2.1507715
     0.052946357    -0.082292343       2.3343429
     0.052787119     0.027485946       2.5087269
     0.053263404      0.13660817       2.6872899
     0.054358508      0.24256387       2.8836940
     0.056036162      0.34325846       3.1112720
     0.058246052      0.43721177       3.3727244
     0.060930292      0.52359878       3.6057646
     0.064029255      0.60216630       3.6115866
     0.065330796     -0.48512775      0.95551216
     0.062834822     -0.40334111       1.4030965
     0.060791971     -0.31543293       1.7422219
     0.059249132     -0.22218963       2.0044179
     0.058246052     -0.12485803       2.2222236
     0.057810832    -0.025096915       2.4186744
     0.057956268     0.075164683       2.6121182
     0.058678043      0.17393963       2.8203941
     0.059955345      0.26941092       3.0648548
     0.061753712      0.36011380       3.3751464
     0.064029255      0.44503126       3.7882824
     0.066733177      0.52359878       4.1579275
    0.0029014425       2.6179939       2.4674526
    0.0076764953      -2.9514671       2.5009185
     0.013296080      -2.8081195       2.5411663
     0.019026031      -2.7504485       2.5876480
     0.024789936      -2.7195289       2.6407492
     0.030568593      -2.7002862       2.7019093
     0.036354970      -2.6871654       2.7738286
     0.042145887      -2.6776489       2.8608498
     0.047939698      -2.6704321       2.9696274
     0.053735467      -2.6647719       3.1099971
     0.059532623      -2.6602139       3.2932879
     0.065330796      -2.6564649       3.4890982
    0.0076764953       1.9042695       2.4169449
    0.0087043275       2.6179939       2.4451922
     0.012647095       3.0266317       2.4803021
     0.017648786      -3.0593003       2.5215197
     0.023029486      -2.9514671       2.5690007
     0.028575895      -2.8849480       2.6238115
     0.034207502      -2.8401835       2.6879178
     0.039888240      -2.8081195       2.7641698
     0.045599748      -2.7840679       2.8562016
     0.051331758      -2.7653788       2.9676915
     0.057078092      -2.7504485       3.0983772
     0.062834822      -2.7382515       3.2271311
     0.013296080       1.7609219       2.3619483
     0.012647095       2.2093560       2.3868739
     0.014507212       2.6179939       2.4181797
     0.018119503       2.8990288       2.4548360
     0.022660990       3.0775304       2.4967794
     0.027677997      -3.0891544       2.5448398
     0.032954052      -3.0091381       2.6005751
     0.038382476      -2.9514671       2.6659842
     0.043906792      -2.9081928       2.7430291
     0.049494901      -2.8746385       2.8326530
     0.055127407      -2.8479157       2.9322646
     0.060791971      -2.8261597       3.0298058
     0.019026031       1.7032509       2.2996099
     0.017648786       2.0121028       2.3239641
     0.018119503       2.3369590       2.3536611
     0.020310097       2.6179939       2.3873023
     0.023749330       2.8312094       2.4245930
     0.027980498       2.9854158       2.4662507
     0.032697596       3.0972103       2.5137835
     0.037718752      -3.1031216       2.5690475
     0.042937428      -3.0400577       2.6335536
     0.048289627      -2.9908115       2.7075102
     0.053735467      -2.9514671       2.7884131
     0.059249132      -2.9194030       2.8689159
     0.024789936       1.6723313       2.2263862
     0.023029486       1.9042695       2.2539585
     0.022660990       2.1584574       2.2852583
     0.023749330       2.4047784       2.3183821
     0.026112982       2.6179939       2.3527384
     0.029446425       2.7894974       2.3889619
     0.033461067       2.9230804       2.4287531
     0.037941284       3.0266317       2.4744264
     0.042740917       3.1076439       2.5280255
     0.047763772      -3.1112151       2.5901738
     0.052946357      -3.0593003       2.6590297
     0.058246052      -3.0167346       2.7295626
     0.030568593       1.6530887       2.1376616
     0.028575895       1.8377504       2.1735741
     0.027677997       2.0419568       2.2109414
     0.027980498       2.2505720       2.2471860
     0.029446425       2.4464903       2.2813373
     0.031915867       2.6179939       2.3138555
     0.035178121       2.7613414       2.3466329
     0.039034916       2.8784120       2.3828062
     0.043327776       2.9733882       2.4258532
     0.047939698       3.0506834       2.4779059
     0.052787119       3.1141067       2.5382190
     0.057810832      -3.1164957       2.6028518
     0.036354970       1.6399678       2.0271911
     0.034207502       1.7929860       2.0784224
     0.032954052       1.9619405       2.1279205
     0.032697596       2.1387775       2.1722811
     0.033461067       2.3129074       2.2101961
     0.035178121       2.4746463       2.2418536
     0.037718752       2.6179939       2.2690266
     0.040929883       2.7410863       2.2954972
     0.044667139       2.8449550       2.3268404
     0.048809818       2.9320083       2.3682819
     0.053263404       3.0049845       2.4213476
     0.057956268       3.0664280       2.4826599
     0.042145887       1.6304514       1.8862537
     0.039888240       1.7609219       1.9626991
     0.038382476       1.9042695       2.0325438
     0.037718752       2.0559241       2.0915491
     0.037941284       2.2093560       2.1385201
     0.039034916       2.3575757       2.1735991
     0.040929883       2.4949014       2.1980552
     0.043521637       2.6179939       2.2152870
     0.046694298       2.7258271       2.2324252
     0.050338146       2.8190125       2.2597250
     0.054358508       2.8990288       2.3042908
     0.058678043       2.9676530       2.3639319
     0.047939698       1.6232346       1.7023668
     0.045599748       1.7368703       1.8191340
     0.043906792       1.8609953       1.9206236
     0.042937428       1.9928601       2.0024132
     0.042740917       2.1283438       2.0647779
     0.043327776       2.2625995       2.1088172
     0.044667139       2.3910328       2.1355218
     0.046694298       2.5101606       2.1466060
     0.049324522       2.6179939       2.1476377
     0.052467195       2.7139236       2.1531110
     0.056036162       2.7983342       2.1829165
     0.059955345       2.8721817       2.2414194
     0.053735467       1.6175744       1.4577858
     0.051331758       1.7181813       1.6401737
     0.049494901       1.8274410       1.7888822
     0.048289627       1.9436140       1.9029079
     0.047763772       2.0640176       1.9872515
     0.047939698       2.1853044       2.0460308
     0.048809818       2.3039795       2.0812994
     0.050338146       2.4169753       2.0933276
     0.052467195       2.5220642       2.0825229
     0.055127407       2.6179939       2.0575444
     0.058246052       2.7043809       2.0539197
     0.061753712       2.7814789       2.1081299
     0.059532623       1.6130164       1.1325552
     0.057078092       1.7032509       1.4245376
     0.055127407       1.8007182       1.6391631
     0.053735467       1.9042695       1.7941499
     0.052946357       2.0121028       1.9056352
     0.052787119       2.1218810       1.9835149
     0.053263404       2.2310033       2.0327530
     0.054358508       2.3369590       2.0543189
     0.056036162       2.4376536       2.0454064
     0.058246052       2.5316069       2.0004013
     0.060930292       2.6179939       1.9294509
     0.064029255       2.6965614       1.9524092
     0.065330796       1.6092674      0.77192364
     0.062834822       1.6910540       1.2043464
     0.060791971       1.7789622       1.4883460
     0.059249132       1.8722055       1.6845094
     0.058246052       1.9695371       1.8233997
     0.057810832       2.0692982       1.9213449
     0.057956268       2.1695598       1.9868376
     0.058678043       2.2683347       2.0231688
     0.059955345       2.3638060       2.0290673
     0.061753712       2.4545089       1.9975361
     0.064029255       2.5394264       1.9115315
     0.066733177       2.6179939       1.7671375
    0.0029014425      -1.5707963       2.4986381
    0.0076764953     -0.85707195       2.5062261
     0.013296080     -0.71372438       2.5035138
     0.019026031     -0.65605337       2.4872683
     0.024789936     -0.62513375       2.4534628
     0.030568593     -0.60589112       2.3970963
     0.036354970     -0.59277027       2.3118193
     0.042145887     -0.58325380       2.1891915
     0.047939698     -0.57603705       2.0172809
     0.053735467     -0.57037681       1.7781477
     0.059532623     -0.56581881       1.4441335
     0.065330796     -0.56206980      0.98412522
    0.0076764953      -2.2845207       2.5350142
    0.0087043275      -1.5707963       2.5433321
     0.012647095      -1.1621585       2.5433052
     0.017648786     -0.96490521       2.5322453
     0.023029486     -0.85707195       2.5066603
     0.028575895     -0.79055289       2.4622195
     0.034207502     -0.74578840       2.3936598
     0.039888240     -0.71372438       2.2945824
     0.045599748     -0.68967276       2.1571325
     0.051331758     -0.67098374       1.9719089
     0.057078092     -0.65605337       1.7302427
     0.062834822     -0.64385644       1.4399273
     0.013296080      -2.4278683       2.5780167
     0.012647095      -1.9794342       2.5872955
     0.014507212      -1.5707963       2.5902793
     0.018119503      -1.2897614       2.5848733
     0.022660990      -1.1112598       2.5680848
     0.027677997     -0.99475928       2.5360841
     0.032954052     -0.91474295       2.4843330
     0.038382476     -0.85707195       2.4078047
     0.043906792     -0.81379771       2.3013580
     0.049494901     -0.78024343       2.1606078
     0.055127407     -0.75352062       1.9846258
     0.060791971     -0.73176462       1.7843455
     0.019026031      -2.4855393       2.6267899
     0.017648786      -2.1766874       2.6364935
     0.018119503      -1.8518312       2.6420964
     0.020310097      -1.5707963       2.6422056
     0.023749330      -1.3575808       2.6343459
     0.027980498      -1.2033744       2.6150250
     0.032697596      -1.0915799       2.5799487
     0.037718752      -1.0087265       2.5244968
     0.042937428     -0.94566257       2.4445319
     0.048289627     -0.89641642       2.3376105
     0.053735467     -0.85707195       2.2049797
     0.059249132     -0.82500793       2.0553796
     0.024789936      -2.5164589       2.6814002
     0.023029486      -2.2845207       2.6900820
     0.022660990      -2.0303329       2.6970093
     0.023749330      -1.7840118       2.7016852
     0.026112982      -1.5707963       2.7022961
     0.029446425      -1.3992928       2.6956971
     0.033461067      -1.2657098       2.6775228
     0.037941284      -1.1621585       2.6426797
     0.042740917      -1.0811463       2.5864605
     0.047763772      -1.0168200       2.5062055
     0.052946357     -0.96490521       2.4031163
     0.058246052     -0.92233952       2.2839963
     0.030568593      -2.5357015       2.7430304
     0.028575895      -2.3510398       2.7481846
     0.027677997      -2.1468334       2.7540307
     0.027980498      -1.9382182       2.7612397
     0.029446425      -1.7422999       2.7689182
     0.031915867      -1.5707963       2.7745420
     0.035178121      -1.4274488       2.7737828
     0.039034916      -1.3103782       2.7605999
     0.043327776      -1.2154020       2.7282880
     0.047939698      -1.1381068       2.6718657
     0.052787119      -1.0746835       2.5908836
     0.057810832      -1.0221006       2.4908782
     0.036354970      -2.5488224       2.8142870
     0.034207502      -2.3958043       2.8121528
     0.032954052      -2.2268497       2.8131895
     0.032697596      -2.0500127       2.8195570
     0.033461067      -1.8758829       2.8315243
     0.035178121      -1.7141439       2.8476262
     0.037718752      -1.5707963       2.8642517
     0.040929883      -1.4477039       2.8748775
     0.044667139      -1.3438352       2.8699957
     0.048809818      -1.2567819       2.8396388
     0.053263404      -1.1838057       2.7787962
     0.057956268      -1.1223622       2.6914185
     0.042145887      -2.5583389       2.8997200
     0.039888240      -2.4278683       2.8848781
     0.038382476      -2.2845207       2.8757763
     0.037718752      -2.1328661       2.8764464
     0.037941284      -1.9794342       2.8882988
     0.039034916      -1.8312145       2.9111542
     0.040929883      -1.6938888       2.9430788
     0.043521637      -1.5707963       2.9788806
     0.046694298      -1.4629631       3.0076279
     0.050338146      -1.3697778       3.0121484
     0.054358508      -1.2897614       2.9765692
     0.058678043      -1.2211372       2.8994107
     0.047939698      -2.5655556       3.0067904
     0.045599748      -2.4519199       2.9711267
     0.043906792      -2.3277949       2.9443905
     0.042937428      -2.1959301       2.9330081
     0.042740917      -2.0604464       2.9389086
     0.043327776      -1.9261907       2.9626834
     0.044667139      -1.7977574       3.0044038
     0.046694298      -1.6786296       3.0624645
     0.049324522      -1.5707963       3.1294917
     0.052467195      -1.4748666       3.1846926
     0.056036162      -1.3904560       3.1924732
     0.059955345      -1.3166085       3.1302461
     0.053735467      -2.5712158       3.1478171
     0.051331758      -2.4706089       3.0776812
     0.049494901      -2.3613492       3.0224028
     0.048289627      -2.2451762       2.9911954
     0.047763772      -2.1247726       2.9845862
     0.047939698      -2.0034858       3.0022931
     0.048809818      -1.8848107       3.0452764
     0.050338146      -1.7718149       3.1157661
     0.052467195      -1.6667260       3.2149746
     0.055127407      -1.5707963       3.3334679
     0.058246052      -1.4844093       3.4248463
     0.061753712      -1.4073114       3.4044454
     0.059532623      -2.5757738       3.3440138
     0.057078092      -2.4855393       3.2116125
     0.055127407      -2.3880720       3.1117167
     0.053735467      -2.2845207       3.0522441
     0.052946357      -2.1766874       3.0271374
     0.052787119      -2.0669092       3.0324422
     0.053263404      -1.9577869       3.0678133
     0.054358508      -1.8518312       3.1367182
     0.056036162      -1.7511366       3.2468155
     0.058246052      -1.6571833       3.4088418
     0.060930292      -1.5707963       3.6191813
     0.064029255      -1.4922288       3.7464252
     0.065330796      -2.5795229       3.6267564
     0.062834822      -2.4977362       3.3642461
     0.060791971      -2.4098280       3.2053721
     0.059249132      -2.3165847       3.1133022
     0.058246052      -2.2192531       3.0668538
     0.057810832      -2.1194920       3.0561157
     0.057956268      -2.0192304       3.0778030
     0.058678043      -1.9204555       3.1337452
     0.059955345      -1.8249842       3.2313540
     0.061753712      -1.7342813       3.3862754
     0.064029255      -1.6493638       3.6289617
     0.066733177      -1.5707963       4.0147715
      0.12313197       1.0354154       3.0576812
      0.12815708       1.0585177       3.1319937
      0.13324541       1.0798661       3.2172969
      0.13838999       1.0996358       3.3147379
      0.14358476       1.1179818       3.4271225
      0.14882449       1.1350413       3.5594134
      0.15410457       1.1509362       3.7195227
      0.15942100       1.1657744       3.9196766
      0.16477026       1.1796521       4.1788775
      0.17014926       1.1926548       4.5270954
      0.17555525       1.2048586       5.0064413
      0.18098583       1.2163317       5.4715222
      0.12333690      0.98835228       3.0221193
      0.12822275       1.0132488       3.0913591
      0.13318222       1.0363046       3.1708605
      0.13820737       1.0576944       3.2609081
      0.14329131       1.0775751       3.3631728
      0.14842800       1.0960866       3.4810271
      0.15361213       1.1133542       3.6199365
      0.15883907       1.1294899       3.7879113
      0.16410473       1.1445938       3.9957726
      0.16940548       1.1587556       4.2556640
      0.17473815       1.1720556       4.5689858
      0.18009990       1.1845657       4.8622280
      0.12381377      0.94154846       2.9796530
      0.12855060      0.96811865       3.0456156
      0.13337171      0.99278431       3.1208898
      0.13826827       1.0157161       3.2049011
      0.14323255       1.0370689       3.2982344
      0.14825775       1.0569828       3.4028240
      0.15333787       1.0755842       3.5220991
      0.15846764       1.0929870       3.6609250
      0.16364239       1.1092938       3.8249464
      0.16885797       1.1245971       4.0181445
      0.17411073       1.1389803       4.2350317
      0.17939739       1.1525184       4.4405040
      0.12455944      0.89520435       2.9278751
      0.12913864      0.92330877       2.9931917
      0.13381282      0.94946926       3.0667634
      0.13857236      0.97384843       3.1471982
      0.14340877      0.99659602       3.2341017
      0.14831452       1.0178492       3.3282025
      0.15328296       1.0377331       3.4314326
      0.15830819       1.0563616       3.5467544
      0.16338496       1.0738382       3.6773793
      0.16850863       1.0902568       3.8247879
      0.17367503       1.1057025       3.9845187
      0.17888046       1.1202526       4.1389503
      0.12556912      0.84950855       2.8635294
      0.12998333      0.87899313       2.9316752
      0.13450306      0.90651878       3.0069337
      0.13911804      0.93223663       3.0871575
      0.14381909      0.95628825       3.1711080
      0.14859805      0.97880520       3.2584994
      0.15344764      0.99990904       3.3501168
      0.15836136       1.0197116       3.4477851
      0.16333343       1.0383155       3.5537987
      0.16835869       1.0558145       3.6694335
      0.17343250       1.0722945       3.7923995
      0.17855073       1.0878336       3.9136300
      0.12683652      0.80463368       2.7822716
      0.13107971      0.83533415       2.8577164
      0.13543864      0.86408418       2.9389328
      0.13990249      0.89102068       3.0230978
      0.14446154      0.91627438       3.1083355
      0.14910705      0.93996885       3.1935468
      0.15383119      0.96221986       3.2785169
      0.15862693      0.98313530       3.3641617
      0.16348798       1.0028152       3.4524343
      0.16840868       1.0213518       3.5452878
      0.17338395       1.0388304       3.6426587
      0.17840922       1.0553291       3.7403312
      0.12835399      0.76073308       2.6782866
      0.13242153      0.79247953       2.7669028
      0.13661451      0.82230583       2.8594120
      0.14092172      0.85033255       2.9524025
      0.14533302      0.87667756       3.0437323
      0.14983921      0.90145434       3.1318717
      0.15443199      0.92477103       3.2157622
      0.15910385      0.94672976       3.2952318
      0.16384803      0.96742638       3.3716503
      0.16865843      0.98695037       3.4477742
      0.17352955       1.0053850       3.5258939
      0.17845640       1.0228073       3.6053471
      0.13011279      0.71793859       2.5436596
      0.13400142      0.75055985       2.6536290
      0.13802452      0.78131062       2.7642951
      0.14217068      0.81029391       2.8717702
      0.14642945      0.83761316       2.9742855
      0.15079129      0.86337023       3.0706481
      0.15524751      0.88766401       3.1595279
      0.15979021      0.91058938       3.2395542
      0.16441223      0.93223663       3.3104787
      0.16910706      0.95269107       3.3748300
      0.17386881      0.97203287       3.4373395
      0.17869211      0.99033705       3.5011499
      0.13210329      0.67635939       2.3673843
      0.13581107      0.70968699       2.5110971
      0.13966159      0.74121033       2.6492229
      0.14364338      0.77101429       2.7778056
      0.14774583      0.79918703       2.8965718
      0.15195916      0.82581767       3.0058902
      0.15627440      0.85099465       3.1054294
      0.16068334      0.87480440       3.1935399
      0.16517849      0.89733044       3.2675606
      0.16975298      0.91865275       3.3266375
      0.17440059      0.93884742       3.3760983
      0.17911561      0.95798634       3.4245428
      0.13431517      0.63608180       2.1341295
      0.13784142      0.66995337       2.3320585
      0.14151784      0.70210040       2.5107135
      0.14533302      0.73258980       2.6681785
      0.14927633      0.76149408       2.8079394
      0.15333787      0.78888906       2.9335806
      0.15750851      0.81485191       3.0473469
      0.16177981      0.83945969       3.1494741
      0.16614400      0.86278822       3.2371487
      0.17059396      0.88491123       3.3036443
      0.17512315      0.90589974       3.3454135
      0.17972557      0.92582172       3.3763158
      0.13673769      0.59717004       1.8252426
      0.14008289      0.63143204       2.1128080
      0.14358476      0.66405960       2.3491793
      0.14723213      0.69510233       2.5436549
      0.15101444      0.72461735       2.7082216
      0.15492181      0.75266697       2.8517506
      0.15894503      0.77931671       2.9801578
      0.16307552      0.80463368       3.0970035
      0.16730534      0.82868530       3.2034161
      0.17162713      0.85153830       3.2954165
      0.17603413      0.87325792       3.3525416
      0.18052009      0.89390742       3.3623266
      0.13935988      0.55966752       1.4460980
      0.14252552      0.59417730       1.8696712
      0.14585341      0.62715011       2.1762230
      0.14933271      0.65861937       2.4114119
      0.15295308      0.68862746       2.6015891
      0.15670476      0.71722346       2.7623206
      0.16057853      0.74446116       2.9032767
      0.16456577      0.77039747       3.0307866
      0.16865843      0.79509099       3.1492966
      0.17284904      0.81860092       3.2623464
      0.17713063      0.84098618       3.3724958
      0.18149677      0.86230468       3.3941032
      0.12064559       1.0712492       3.0519712
      0.11573083       1.0973598       3.0040825
      0.11090192       1.1257651       2.9479406
      0.10617060       1.1567289       2.8808538
      0.10155049       1.1905451       2.7990961
     0.097057480       1.2275379       2.6975939
     0.092710055       1.2680599       2.5694396
     0.088529662       1.3124878       2.4051211
     0.084541084       1.3612119       2.1913651
     0.080772740       1.4146195       1.9099888
     0.077256866       1.4730680       1.5413722
     0.074029439       1.5368476       1.1143850
      0.12577009       1.0933528       3.1268383
      0.12092438       1.1192414       3.0751069
      0.11616645       1.1472709       3.0171269
      0.11150753       1.1776681       2.9511432
      0.10696057       1.2106825       2.8744364
      0.10254044       1.2465852       2.7831805
     0.098264280       1.2856668       2.6722759
     0.094151697       1.3282325       2.5352074
     0.090225065       1.3745934       2.3641465
     0.086509708       1.4250531       2.1512203
     0.083033992       1.4798870       1.8946014
     0.079829224       1.5393149       1.6218112
      0.13095120       1.1137166       3.2126239
      0.12617105       1.1393122       3.1561749
      0.12148004       1.1669038       3.0952499
      0.11688889       1.1966871       3.0291258
      0.11240984       1.2288743       2.9560810
      0.10805682       1.2636934       2.8733692
      0.10384570       1.3013854       2.7772424
     0.099794439       1.3421997       2.6631366
     0.095923286       1.3863870       2.5262623
     0.092254922       1.4341882       2.3631868
     0.088814477       1.4858186       2.1759016
     0.085629428       1.5414480       1.9811546
      0.13618247       1.1325232       3.3104763
      0.13146448       1.1577736       3.2475616
      0.12683652       1.1848849       3.1816948
      0.12230879       1.2140262       3.1133169
      0.11789286       1.2453790       3.0417140
      0.11360176       1.2791357       2.9650716
      0.10945016       1.3154975       2.8805647
      0.10545456       1.3546698       2.7846356
      0.10163335       1.3968567       2.6737042
     0.098006931       1.4422515       2.5455961
     0.094597705       1.4910252       2.4020770
     0.091429973       1.5433104       2.2528628
      0.14145834       1.1499328       3.4232106
      0.13679924       1.1748005       3.3509592
      0.13223068       1.2014039       3.2770710
      0.12776234       1.2298896       3.2033404
      0.12340514       1.2604131       3.1301014
      0.11917125       1.2931377       3.0564113
      0.11507430       1.3282325       2.9801399
      0.11112941       1.3658680       2.8981486
      0.10735337       1.4062116       2.8069203
      0.10376461       1.4494205       2.7039176
      0.10038320       1.4956316       2.5895573
     0.097230797       1.5449506       2.4693406
      0.14677399       1.1660860       3.5558012
      0.14217068       1.1905451       3.4697779
      0.13765808       1.2166243       3.3833785
      0.13324541       1.2444508       3.3000164
      0.12894292       1.2741586       3.2210753
      0.12476203       1.3058871       3.1464424
      0.12071535       1.3397789       3.0746673
      0.11681685       1.3759769       3.0028854
      0.11308184       1.4146195       2.9270512
      0.10952705       1.4558354       2.8432062
      0.10617060       1.4997360       2.7497256
      0.10303185       1.5464061       2.6492628
      0.15212526       1.1811064       3.7161698
      0.14757479       1.2051400       3.6095248
      0.14311496       1.2306870       3.5041315
      0.13875449       1.2578584       3.4054132
      0.13450306       1.2867700       3.3156114
      0.13037134       1.3175412       3.2351989
      0.12637106       1.3502932       3.1634136
      0.12251511       1.3851463       3.0979740
      0.11881752       1.4222160       3.0344503
      0.11529356       1.4616088       2.9667297
      0.11195959       1.5034160       2.8899537
      0.10883310       1.5477064       2.8040237
      0.15750851       1.1951031       3.9165434
      0.15300811       1.2187011       3.7782411
      0.14859805       1.2437144       3.6442813
      0.14428661       1.2702400       3.5226480
      0.14008289       1.2983784       3.4157687
      0.13599690       1.3282325       3.3239141
      0.13203954       1.3599057       3.2466047
      0.12822275       1.3935000       3.1825388
      0.12455944       1.4291126       3.1281144
      0.12106354       1.4668321       3.0755119
      0.11774996       1.5067341       3.0146608
      0.11463452       1.5488751       2.9408742
      0.16292058       1.2081723       4.1759044
      0.15846764       1.2313300       3.9867574
      0.15410457       1.2558127       3.8095469
      0.14983921       1.2817055       3.6550818
      0.14568015       1.3090961       3.5240854
      0.14163676       1.3380733       3.4149012
      0.13771922       1.3687261       3.3260863
      0.13393858       1.4011413       3.2568964
      0.13030675       1.4354011       3.2060766
      0.12683652       1.4715800       3.1675994
      0.12354150       1.5097411       3.1255938
      0.12043608       1.5499313       3.0645925
      0.16835869       1.2203992       4.5241517
      0.16395076       1.2431159       4.2472114
      0.15963208       1.2670747       4.0039864
      0.15541010       1.2923504       3.8043317
      0.15129291       1.3190197       3.6420514
      0.14728929       1.3471597       3.5104528
      0.14340877       1.3768472       3.4051311
      0.13966159       1.4081567       3.3242568
      0.13605878       1.4411581       3.2682582
      0.13261211       1.4759145       3.2374749
      0.12933406       1.5124788       3.2200687
      0.12623776       1.5508903       3.1784774
      0.17382038       1.2318593       5.0031523
      0.16945517       1.2541376       4.5611026
      0.16517849       1.2775816       4.2222802
      0.16099738       1.3022575       3.9660875
      0.15691950       1.3282325       3.7675368
      0.15295308       1.3555738       3.6107373
      0.14910705       1.3843481       3.4864324
      0.14539093       1.4146195       3.3900378
      0.14181496       1.4464479       3.3208991
      0.13838999       1.4798870       3.2825505
      0.13512750       1.5149818       3.2817237
      0.13203954       1.5517651       3.2848622
      0.17930351       1.2426199       5.4684129
      0.17497887       1.2644646       4.8558746
      0.17074194       1.2874049       4.4297804
      0.16659940       1.3114992       4.1229396
      0.16255848       1.3368068       3.8915834
      0.15862693       1.3633865       3.7116233
      0.15481310       1.3912964       3.5694665
      0.15112589       1.4205920       3.4577140
      0.14757479       1.4513249       3.3733452
      0.14416987       1.4835411       3.3174429
      0.14092172       1.5172789       3.2964955
      0.13784142       1.5525662       3.3235254
      0.11810689       1.0349141       3.0072580
      0.11832053      0.98585437       2.9802081
      0.11881752      0.93708828       2.9455722
      0.11959435      0.88884200       2.9005750
      0.12064559      0.84132733       2.8416688
      0.12196416      0.79473657       2.7642388
      0.12354150      0.74923869       2.6621197
      0.12536783      0.70497687       2.5267428
      0.12743246      0.66206737       2.3455447
      0.12972401      0.62059962       2.0988602
      0.13223068      0.58063741       1.7534437
      0.13494047      0.54222082       1.2475966
      0.11308184       1.0600269       2.9672277
      0.11315626       1.0087265       2.9531426
      0.11352763      0.95762781       2.9324685
      0.11419305      0.90699344       2.9023856
      0.11514743      0.85707195       2.8595380
      0.11638365      0.80809085       2.7998062
      0.11789286      0.76025128       2.7179988
      0.11966472      0.71372438       2.6073759
      0.12168776      0.66864944       2.4588642
      0.12394968      0.62513375       2.2598883
      0.12643766      0.58325380       1.9935816
      0.12913864      0.54305756       1.6462548
      0.10813470       1.0874560       2.9181996
      0.10805682       1.0337716       2.9181711
      0.10829029      0.98016438       2.9130274
      0.10883310      0.92693989       2.8997953
      0.10968067      0.87439072       2.8752014
      0.11082599      0.82278735       2.8354843
      0.11225996      0.77237064       2.7762420
      0.11397167      0.72334659       2.6923234
      0.11594884      0.67588342       2.5777738
      0.11817814      0.63011087       2.4260636
      0.12064559      0.58612143       2.2318149
      0.12333690      0.54397302       1.9989281
      0.10327668       1.1174901       2.8571011
      0.10303185       1.0612783       2.8722861
      0.10311353       1.0049775       2.8842235
      0.10352093      0.94894296       2.8896655
      0.10425025      0.89352003       2.8853084
      0.10529478      0.83903171       2.8675533
      0.10664528      0.78576826       2.8323912
      0.10829029      0.73397951       2.7755127
      0.11021663      0.68387031       2.6926955
      0.11240984      0.63559893       2.5805899
      0.11485462      0.58927825       2.4384723
      0.11753528      0.54497886       2.2726976
     0.098520957       1.1504560       2.7798775
     0.098092789       1.0915799       2.8117581
     0.098006931       1.0323948       2.8425610
     0.098264280      0.97331302       2.8686222
     0.098862156      0.91474295       2.8865582
     0.099794439      0.85707195       2.8928401
      0.10105187      0.80065197       2.8835235
      0.10262251      0.74578840       2.8543635
      0.10449222      0.69273291       2.8014650
      0.10664528      0.64168050       2.7224328
      0.10906491      0.59277027       2.6179258
      0.11173379      0.54608915       2.4938586
     0.093883075       1.1867216       2.6811093
     0.093253282       1.1250601       2.7318479
     0.092982065       1.0628003       2.7838587
     0.093072559       1.0004195       2.8328200
     0.093523713      0.93840043       2.8753066
     0.094330353      0.87720935       2.9080056
     0.095483470      0.81727571       2.9270269
     0.096970705      0.75897584       2.9276783
     0.098776967      0.70262195       2.9051247
      0.10088512      0.64845681       2.8560554
      0.10327668      0.59665378       2.7807296
      0.10593246      0.54732105       2.6844336
     0.089381384       1.2266975       2.5533889
     0.088529662       1.1621585       2.6264068
     0.088052924       1.0966444       2.7030640
     0.087957266       1.0307033       2.7778419
     0.088243928      0.96490521       2.8473527
     0.088909212      0.89981259       2.9089539
     0.089944717      0.83595252       2.9593681
     0.091337852      0.77379268       2.9936294
     0.093072559      0.71372438       3.0050612
     0.095130154      0.65605337       2.9872872
     0.097490195      0.60099836       2.9379853
      0.10013130      0.54869569       2.8615990
     0.085037513       1.2708342       2.3862222
     0.083941494       1.2033744       2.4872502
     0.083236514       1.1344527       2.5940989
     0.082932545       1.0646912       2.6988335
     0.083033992      0.99475928       2.7981333
     0.083539377      0.92533614       2.8907431
     0.084441448      0.85707195       2.9752125
     0.085727684      0.79055289       3.0477211
     0.087381121      0.72627481       3.1002304
     0.089381384      0.66462767       3.1210554
     0.091705780      0.60589112       3.1008380
     0.094330353      0.55023941       3.0408439
     0.080876896       1.3196155       2.1639758
     0.079512230       1.2492678       2.3031309
     0.078553575       1.1768358       2.4497745
     0.078015899       1.1030121       2.5909518
     0.077907918       1.0285755       2.7234732
     0.078231413      0.95434432       2.8484094
     0.078981081      0.88112357       2.9676821
     0.080144964      0.80965407       3.0812471
     0.081705362      0.74057143       3.1832303
     0.083640088      0.67437990       3.2574326
     0.085923857      0.61144251       3.2799933
     0.088529662      0.55198542       3.2390801
     0.076929273       1.3735431       1.8618336
     0.075269928       1.3004527       2.0582363
     0.074029439       1.2244939       2.2621411
     0.073229098       1.1464139       2.4503534
     0.072883404       1.0671036       2.6208945
     0.072998817      0.98754253       2.7787733
     0.073573167      0.90872896       2.9306576
     0.074595855      0.83160612       3.0825695
     0.076048795      0.75699862       3.2365639
     0.077907918      0.68556839       3.3819242
     0.080144964      0.61779469       3.4800553
     0.082729279      0.55397628       3.4777301
     0.073229098       1.4331090       1.4372403
     0.071247991       1.3575808       1.7314070
     0.069695040       1.2782149       2.0250801
     0.068599329       1.1957779       2.2766036
     0.067982971       1.1112598       2.4915195
     0.067859027       1.0258175       2.6825950
     0.068230182      0.94068546       2.8625305
     0.069088457      0.85707195       3.0435689
     0.070416043      0.77605976       3.2376761
     0.072187050      0.69853212       3.4529934
     0.074369807      0.62513375       3.6714251
     0.076929273      0.55626735       3.7815819
     0.069815724       1.4987524      0.80995552
     0.067485831       1.4213068       1.3089444
     0.065588004       1.3388581       1.7463982
     0.064160597       1.2521259       2.0789076
     0.063235473       1.1621585       2.3430109
     0.062834822       1.0702875       2.5662467
     0.062968656      0.97802605       2.7686374
     0.063633602      0.88692602       2.9670314
     0.064813316      0.79842569       3.1787581
     0.066480399      0.71372438       3.4252914
     0.068599329      0.63370805       3.7346749
     0.071129737      0.55893204       4.1032350
      0.12313197     0.011782113       1.8429029
      0.12333690     0.058845276       1.8381875
      0.12381377      0.10564909       1.8292816
      0.12455944      0.15199320       1.8136114
      0.12556912      0.19768900       1.7883260
      0.12683652      0.24256387       1.7500843
      0.12835399      0.28646447       1.6946999
      0.13011279      0.32925896       1.6165438
      0.13210329      0.37083817       1.5075379
      0.13431517      0.41111575       1.3556194
      0.13673769      0.45002751       1.1444781
      0.13935988      0.48753003      0.89299766
      0.12815708    -0.011320110       1.8247172
      0.12822275     0.033948732       1.8175236
      0.12855060     0.079078902       1.8076696
      0.12913864      0.12388878       1.7930944
      0.12998333      0.16820442       1.7716030
      0.13107971      0.21186340       1.7407019
      0.13242153      0.25471802       1.6973725
      0.13400142      0.29663770       1.6378080
      0.13581107      0.33751056       1.5572337
      0.13784142      0.37724418       1.4503687
      0.14008289      0.41576552       1.3152224
      0.14252552      0.45302025       1.1720823
      0.13324541    -0.032668577       1.8096043
      0.13318222     0.010892970       1.8007811
      0.13337171     0.054413241       1.7903926
      0.13381282     0.097728290       1.7768090
      0.13450306      0.14067878       1.7584143
      0.13543864      0.18311337       1.7334822
      0.13661451      0.22489173       1.7000187
      0.13802452      0.26588693       1.6556435
      0.13966159      0.30598723       1.5976971
      0.14151784      0.34509715       1.5240260
      0.14358476      0.38313795       1.4356309
      0.14585341      0.42004744       1.3436382
      0.13838999    -0.052438271       1.7956411
      0.13820737    -0.010496892       1.7861180
      0.13826827     0.031481429       1.7756866
      0.13857236     0.073349118       1.7630505
      0.13911804      0.11496092       1.7470660
      0.13990249      0.15617687       1.7266491
      0.14092172      0.19686500       1.7006362
      0.14217068      0.23690364       1.6676664
      0.14364338      0.27618326       1.6262564
      0.14533302      0.31460775       1.5753723
      0.14723213      0.35209522       1.5159329
      0.14933271      0.38857818       1.4536214
      0.14358476    -0.070784208       1.7811079
      0.14329131    -0.030377509       1.7719858
      0.14323255     0.010128606       1.7621857
      0.14340877     0.050601528       1.7506363
      0.14381909     0.090909298       1.7365498
      0.14446154      0.13092317       1.7193577
      0.14533302      0.17051999       1.6985840
      0.14642945      0.20958439       1.6736705
      0.14774583      0.24801052       1.6438875
      0.14927633      0.28570347       1.6085979
      0.15101444      0.32258020       1.5681180
      0.15295308      0.35857009       1.5251308
      0.14882449    -0.087843731       1.7643481
      0.14842800    -0.048889001       1.7569886
      0.14825775   -0.0097852855       1.7487762
      0.14831452     0.029348364       1.7387485
      0.14859805     0.068392349       1.7263539
      0.14910705      0.10722870       1.7114041
      0.14983921      0.14574321       1.6939926
      0.15079129      0.18382732       1.6743011
      0.15195916      0.22137988       1.6523132
      0.15333787      0.25830849       1.6277007
      0.15492181      0.29453058       1.6002559
      0.15670476      0.32997409       1.5708611
      0.15410457     -0.10373860       1.7435938
      0.15361213    -0.066156624       1.7397294
      0.15333787    -0.028386648       1.7344441
      0.15328296    0.0094644759       1.7267679
      0.15344764     0.047288512       1.7162848
      0.15383119     0.084977687       1.7030405
      0.15443199      0.12242652       1.6875307
      0.15524751      0.15953355       1.6706202
      0.15627440      0.19620290       1.6531920
      0.15750851      0.23234564       1.6355695
      0.15894503      0.26788084       1.6173380
      0.16057853      0.30273639       1.5981196
      0.15942100     -0.11857688       1.7167277
      0.15883907    -0.082292343       1.7186546
      0.15846764    -0.045789421       1.7181400
      0.15830819   -0.0091640334       1.7141088
      0.15836136     0.027485946       1.7062650
      0.15862693     0.064062249       1.6947870
      0.15910385      0.10046779       1.6803302
      0.15979021      0.13660817       1.6641769
      0.16068334      0.17239315       1.6482100
      0.16177981      0.20773786       1.6341513
      0.16307552      0.24256387       1.6222140
      0.16456577      0.27680008       1.6110612
      0.16477026     -0.13245460       1.6809246
      0.16410473    -0.097396289       1.6919304
      0.16364239    -0.062096246       1.6987237
      0.16338496    -0.026640631       1.7001188
      0.16333343    0.0088820783       1.6961279
      0.16348798     0.044382395       1.6871371
      0.16384803     0.079771168       1.6737832
      0.16441223      0.11496092       1.6572352
      0.16517849      0.14986712       1.6397795
      0.16614400      0.18440933       1.6250969
      0.16730534      0.21851225       1.6161604
      0.16865843      0.25210656       1.6116687
      0.17014926     -0.14545725       1.6321096
      0.16940548     -0.11155808       1.6575009
      0.16885797    -0.077399583       1.6751349
      0.16850863    -0.043059209       1.6841678
      0.16835869   -0.0086169549       1.6855430
      0.16840868     0.025845748       1.6802320
      0.16865843     0.060247178       1.6689724
      0.16910706     0.094506481       1.6524711
      0.16975298      0.12854480       1.6320815
      0.17059396      0.16228632       1.6116311
      0.17162713      0.19565926       1.5994529
      0.17284904      0.22859663       1.5999613
      0.17555525     -0.15766106       1.5645669
      0.17473815     -0.12485803       1.6140472
      0.17411073    -0.091782748       1.6471382
      0.17367503    -0.058504924       1.6660864
      0.17343250    -0.025096915       1.6742339
      0.17338395    0.0083671999       1.6738031
      0.17352955     0.041812592       1.6660391
      0.17386881     0.075164683       1.6514843
      0.17440059      0.10835014       1.6302281
      0.17512315      0.14129781       1.6026884
      0.17603413      0.17393963       1.5750562
      0.17713063      0.20621137       1.5733334
      0.18098583     -0.16913413       1.4792216
      0.18009990     -0.13736818       1.5662593
      0.17939739     -0.10532086       1.6174386
      0.17888046    -0.073055002       1.6470933
      0.17855073    -0.040636088       1.6625116
      0.17840922   -0.0081315147       1.6675637
      0.17845640     0.024390244       1.6642884
      0.17869211     0.056860499       1.6535756
      0.17911561     0.089211211       1.6353832
      0.17972557      0.12137584       1.6085621
      0.18052009      0.15329013       1.5700787
      0.18149677      0.18489287       1.5240002
      0.11810689     0.012283430       1.8657123
      0.11308184    -0.012829302       1.8850470
      0.10813470    -0.040258488       1.8960893
      0.10327668    -0.070292567       1.8955666
     0.098520957     -0.10325841       1.8797161
     0.093883075     -0.13952408       1.8441620
     0.089381384     -0.17949992       1.7836305
     0.085037513     -0.22363662       1.6913437
     0.080876896     -0.27241795       1.5578361
     0.076929273     -0.32634551       1.3688385
     0.073229098     -0.38591144       1.1024473
     0.069815724     -0.45155489      0.74045313
      0.11832053     0.061343181       1.8663112
      0.11315626     0.038471027       1.8943962
      0.10805682     0.013425944       1.9158163
      0.10303185    -0.014080783       1.9272535
     0.098092789    -0.044382395       1.9249221
     0.093253282    -0.077862575       1.9045813
     0.088529662     -0.11496092       1.8615320
     0.083941494     -0.15617687       1.7905241
     0.079512230     -0.20207021       1.6855449
     0.075269928     -0.25325514       1.5398320
     0.071247991     -0.31038327       1.3483008
     0.067485831     -0.37410926       1.1235174
      0.11881752      0.11010928       1.8622415
      0.11352763     0.089569739       1.9002859
      0.10829029     0.067033168       1.9337233
      0.10311353     0.042220038       1.9591805
     0.098006931     0.014802772       1.9727586
     0.092982065    -0.015602795       1.9701066
     0.088052924    -0.049446828       1.9466442
     0.083236514    -0.087255199       1.8979206
     0.078553575     -0.12963826       1.8200812
     0.074029439     -0.17729630       1.7106863
     0.069695040     -0.23101738       1.5711184
     0.065588004     -0.29166058       1.4140734
      0.11959435      0.15835555       1.8505005
      0.11419305      0.14020411       1.8994267
      0.10883310      0.12025766       1.9462685
      0.10352093     0.098254589       1.9876560
     0.098264280     0.073884528       2.0195802
     0.093072559     0.046778034       2.0373710
     0.087957266     0.016494226       2.0359796
     0.082932545    -0.017493678       2.0106702
     0.078015899    -0.055814575       1.9580467
     0.073229098    -0.099216305       1.8772547
     0.068599329     -0.14858030       1.7715645
     0.064160597     -0.20492838       1.6512402
      0.12064559      0.20587022       1.8277898
      0.11514743      0.19012560       1.8882683
      0.10968067      0.17280683       1.9495914
      0.10425025      0.15367752       2.0085276
     0.098862156      0.13245460       2.0611632
     0.093523713      0.10879712       2.1025725
     0.088243928     0.082292343       2.1268415
     0.083033992     0.052438271       2.1278237
     0.077907918     0.018622049       2.1007594
     0.072883404    -0.019906000       2.0442591
     0.067982971    -0.064062249       1.9617929
     0.063235473     -0.11496092       1.8624212
      0.12196416      0.25246098       1.7903528
      0.11638365      0.23910670       1.8629838
      0.11082599      0.22441020       1.9395854
      0.10529478      0.20816584       2.0171942
     0.099794439      0.19012560       2.0924246
     0.094330353      0.16998820       2.1606464
     0.088909212      0.14738496       2.2153106
     0.083539377      0.12186141       2.2481057
     0.078231413     0.092853236       2.2508251
     0.072998817     0.059655024       2.2188997
     0.067859027     0.021380085       2.1545006
     0.062834822    -0.023089906       2.0667829
      0.12354150      0.29795886       1.7336588
      0.11789286      0.28694627       1.8194306
      0.11225996      0.27482691       1.9121138
      0.10664528      0.26142929       2.0089504
      0.10105187      0.24654558       2.1076056
     0.095483470      0.22992184       2.2048035
     0.089944717      0.21124503       2.2946853
     0.084441448      0.19012560       2.3673689
     0.078981081      0.16607398       2.4094411
     0.073573167      0.13846859       2.4088292
     0.068230182      0.10651209       2.3626767
     0.062968656     0.069171499       2.2806146
      0.12536783      0.34222068       1.6517772
      0.11966472      0.33347317       1.7530003
      0.11397167      0.32385096       1.8633219
      0.10829029      0.31321804       1.9796908
      0.10262251      0.30140915       2.1011982
     0.096970705      0.28822171       2.2271220
     0.091337852      0.27340487       2.3546173
     0.085727684      0.25664466       2.4754079
     0.080144964      0.23754348       2.5721585
     0.074595855      0.21559143       2.6199639
     0.069088457      0.19012560       2.6008939
     0.063633602      0.16027153       2.5213599
      0.12743246      0.38513018       1.5361609
      0.12168776      0.37854811       1.6583111
      0.11594884      0.37131413       1.7900036
      0.11021663      0.36332724       1.9268297
      0.10449222      0.35446464       2.0695416
     0.098776967      0.34457561       2.2207703
     0.093072559      0.33347317       2.3827459
     0.087381121      0.32092274       2.5538370
     0.081705362      0.30662612       2.7210975
     0.076048795      0.29019893       2.8490748
     0.070416043      0.27113779       2.8854587
     0.064813316      0.24877186       2.8120154
      0.12972401      0.42659793       1.3733360
      0.12394968      0.42206380       1.5290952
      0.11817814      0.41708668       1.6903341
      0.11240984      0.41159862       1.8503163
      0.10664528      0.40551705       2.0124674
      0.10088512      0.39874075       2.1832271
     0.095130154      0.39114418       2.3701997
     0.089381384      0.38256988       2.5809214
     0.083640088      0.37281765       2.8181107
     0.077907918      0.36162916       3.0613564
     0.072187050      0.34866543       3.2245122
     0.066480399      0.33347317       3.1878670
      0.13223068      0.46656014       1.1409929
      0.12643766      0.46394375       1.3608057
      0.12064559      0.46107613       1.5664645
      0.11485462      0.45791930       1.7541326
      0.10906491      0.45442728       1.9343496
      0.10327668      0.45054377       2.1183462
     0.097490195      0.44619919       2.3178387
     0.091705780      0.44130643       2.5466213
     0.085923857      0.43575504       2.8221182
     0.080144964      0.42940287       3.1626521
     0.074369807      0.42206380       3.5476301
     0.068599329      0.41348950       3.7053508
      0.13494047      0.50497673      0.82043748
      0.12913864      0.50413999       1.1711257
      0.12333690      0.50322453       1.4331895
      0.11753528      0.50221869       1.6493199
      0.11173379      0.50110840       1.8446167
      0.10593246      0.49987650       2.0357740
      0.10013130      0.49850186       2.2368271
     0.094330353      0.49695814       2.4628933
     0.088529662      0.49521213       2.7340695
     0.082729279      0.49322127       3.0816207
     0.076929273      0.49093020       3.5602816
     0.071129737      0.48826551       4.2578300
      0.12064559    -0.024051622       1.8545332
      0.12577009    -0.046155219       1.8382038
      0.13095120    -0.066519054       1.8248287
      0.13618247    -0.085325698       1.8123011
      0.14145834     -0.10273529       1.7987075
      0.14677399     -0.11888845       1.7822117
      0.15212526     -0.13390888       1.7609038
      0.15750851     -0.14790557       1.7325643
      0.16292058     -0.16097476       1.6942560
      0.16835869     -0.17320164       1.6415908
      0.17382038     -0.18466178       1.5675177
      0.17930351     -0.19542235       1.4646780
      0.11573083    -0.050162255       1.8702890
      0.12092438    -0.072043881       1.8553144
      0.12617105    -0.092114622       1.8441777
      0.13146448     -0.11057601       1.8345151
      0.13679924     -0.12760295       1.8241926
      0.14217068     -0.14334757       1.8112325
      0.14757479     -0.15794247       1.7937507
      0.15300811     -0.17150355       1.7698728
      0.15846764     -0.18413242       1.7376019
      0.16395076     -0.19591835       1.6947329
      0.16945517     -0.20694005       1.6395088
      0.17497887     -0.21726707       1.5761786
      0.11090192    -0.078567520       1.8779509
      0.11616645     -0.10007333       1.8659901
      0.12148004     -0.11970623       1.8586893
      0.12683652     -0.13768733       1.8534820
      0.13223068     -0.15420639       1.8480367
      0.13765808     -0.16942676       1.8401991
      0.14311496     -0.18348949       1.8280069
      0.14859805     -0.19651685       1.8097557
      0.15410457     -0.20861514       1.7840875
      0.15963208     -0.21987715       1.7501765
      0.16517849     -0.23038409       1.7084424
      0.17074194     -0.24020735       1.6630733
      0.10617060     -0.10953135       1.8744941
      0.11150753     -0.13047058       1.8676225
      0.11688889     -0.14948952       1.8660910
      0.12230879     -0.16682869       1.8672055
      0.12776234     -0.18269205       1.8684978
      0.13324541     -0.19725326       1.8676198
      0.13875449     -0.21066087       1.8623823
      0.14428661     -0.22304243       1.8509487
      0.14983921     -0.23450800       1.8321197
      0.15541010     -0.24515288       1.8056400
      0.16099738     -0.25505998       1.7726234
      0.16659940     -0.26430167       1.7364408
      0.10155049     -0.14334757       1.8564126
      0.10696057     -0.16348497       1.8572101
      0.11240984     -0.18167678       1.8637765
      0.11789286     -0.19818148       1.8733776
      0.12340514     -0.21321551       1.8835441
      0.12894292     -0.22696108       1.8918140
      0.13450306     -0.23957243       1.8956775
      0.14008289     -0.25118083       1.8928276
      0.14568015     -0.26189855       1.8816828
      0.15129291     -0.27182213       1.8619468
      0.15691950     -0.28103490       1.8349428
      0.16255848     -0.28960920       1.8037292
     0.097057480     -0.18034032       1.8195594
      0.10254044     -0.19938764       1.8312824
      0.10805682     -0.21649590       1.8487933
      0.11360176     -0.23193820       1.8693672
      0.11917125     -0.24594018       1.8907631
      0.12476203     -0.25868958       1.9106738
      0.13037134     -0.27034364       1.9263798
      0.13599690     -0.28103490       1.9348413
      0.14163676     -0.29087578       1.9334220
      0.14728929     -0.29996216       1.9210227
      0.15295308     -0.30837626       1.8988373
      0.15862693     -0.31618896       1.8701486
     0.092710055     -0.22086238       1.7588093
     0.098264280     -0.23846921       1.7857454
      0.10384570     -0.25418785       1.8178366
      0.10945016     -0.26829992       1.8522791
      0.11507430     -0.28103490       1.8873604
      0.12071535     -0.29258139       1.9214442
      0.12637106     -0.30309566       1.9521260
      0.13203954     -0.31270816       1.9757588
      0.13771922     -0.32152856       1.9879256
      0.14340877     -0.32964968       1.9853512
      0.14910705     -0.33715055       1.9681908
      0.15481310     -0.34409885       1.9403470
     0.088529662     -0.26529029       1.6673997
     0.094151697     -0.28103490       1.7156159
     0.099794439     -0.29500214       1.7672762
      0.10545456     -0.30747226       1.8191480
      0.11112941     -0.31867040       1.8703886
      0.11681685     -0.32877930       1.9207517
      0.12251511     -0.33794873       1.9691894
      0.12822275     -0.34630247       2.0125101
      0.13393858     -0.35394373       2.0445055
      0.13966159     -0.36095912       2.0575348
      0.14539093     -0.36742190       2.0478656
      0.15112589     -0.37339442       2.0196477
     0.084541084     -0.31401438       1.5356851
     0.090225065     -0.32739588       1.6146489
     0.095923286     -0.33918945       1.6932982
      0.10163335     -0.34965915       1.7673372
      0.10735337     -0.35901409       1.8373209
      0.11308184     -0.36742190       1.9052181
      0.11881752     -0.37501847       1.9725937
      0.12455944     -0.38191504       2.0388608
      0.13030675     -0.38820352       2.0984936
      0.13605878     -0.39396051       2.1385034
      0.14181496     -0.39925032       2.1442071
      0.14757479     -0.40412734       2.1154545
     0.080772740     -0.36742190       1.3488451
     0.086509708     -0.37785557       1.4751594
     0.092254922     -0.38699060       1.5925115
     0.098006931     -0.39505398       1.6952895
      0.10376461     -0.40222294       1.7869505
      0.10952705     -0.40863786       1.8727581
      0.11529356     -0.41441129       1.9577630
      0.12106354     -0.41963456       2.0458423
      0.12683652     -0.42438247       2.1372077
      0.13261211     -0.42871690       2.2207308
      0.13838999     -0.43268948       2.2637839
      0.14416987     -0.43634358       2.2395497
     0.077256866     -0.42587049       1.0831419
     0.083033992     -0.43268948       1.2899479
     0.088814477     -0.43862109       1.4642463
     0.094597705     -0.44382761       1.6040834
      0.10038320     -0.44843409       1.7205214
      0.10617060     -0.45253846       1.8240089
      0.11195959     -0.45621843       1.9234036
      0.11774996     -0.45953653       2.0267902
      0.12354150     -0.46254355       2.1419373
      0.12933406     -0.46528124       2.2731999
      0.13512750     -0.46778420       2.3978461
      0.14092172     -0.47008135       2.4125075
     0.074029439     -0.48965004      0.71012070
     0.079829224     -0.49211735       1.0671252
     0.085629428     -0.49425041       1.3180987
     0.091429973     -0.49611283       1.5007289
     0.097230797     -0.49775303       1.6431402
      0.10303185     -0.49920853       1.7631061
      0.10883310     -0.50050887       1.8731272
      0.11463452     -0.50167759       1.9836762
      0.12043608     -0.50273372       2.1057297
      0.12623776     -0.50369278       2.2536669
      0.13203954     -0.50456755       2.4485889
      0.13784142     -0.50536868       2.6617403
      0.12064559      -1.0231459       3.4526265
      0.11573083     -0.99703530       3.3921501
      0.11090192     -0.96863003       3.3185633
      0.10617060     -0.93766620       3.2310959
      0.10155049     -0.90384998       3.1274705
     0.097057480     -0.86685723       3.0034988
     0.092710055     -0.82633517       2.8524460
     0.088529662     -0.78190727       2.6639589
     0.084541084     -0.73318317       2.4221455
     0.080772740     -0.67977565       2.1019860
     0.077256866     -0.62132707       1.6628424
     0.074029439     -0.55754751       1.0462742
      0.12577009      -1.0010423       3.4759362
      0.12092438     -0.97515367       3.4186456
      0.11616645     -0.94712422       3.3488316
      0.11150753     -0.91672697       3.2666628
      0.10696057     -0.88371258       3.1710229
      0.10254044     -0.84780991       3.0592198
     0.098264280     -0.80872834       2.9265816
     0.094151697     -0.76616265       2.7659172
     0.090225065     -0.71980168       2.5668633
     0.086509708     -0.66934198       2.3154824
     0.083033992     -0.61450807       1.9966120
     0.079829224     -0.55508020       1.6141897
      0.13095120     -0.98067850       3.5108920
      0.12617105     -0.95508293       3.4549431
      0.12148004     -0.92749132       3.3871401
      0.11688889     -0.89770804       3.3085781
      0.11240984     -0.86552078       3.2192628
      0.10805682     -0.83070165       3.1179263
      0.10384570     -0.79300970       3.0017901
     0.099794439     -0.75219541       2.8663623
     0.095923286     -0.70800810       2.7054904
     0.092254922     -0.66020695       2.5122571
     0.088814477     -0.60857646       2.2825545
     0.085629428     -0.55294714       2.0268978
      0.13618247     -0.96187185       3.5603058
      0.13146448     -0.93662154       3.5029991
      0.12683652     -0.90951022       3.4345031
      0.12230879     -0.88036886       3.3568125
      0.11789286     -0.84901607       3.2709529
      0.11360176     -0.81525936       3.1769072
      0.10945016     -0.77889763       3.0734695
      0.10545456     -0.73972529       2.9581329
      0.10163335     -0.69753840       2.8272895
     0.098006931     -0.65214357       2.6772370
     0.094597705     -0.60336994       2.5068640
     0.091429973     -0.55108472       2.3235050
      0.14145834     -0.94446226       3.6281145
      0.13679924     -0.91959460       3.5658417
      0.13223068     -0.89299116       3.4930194
      0.12776234     -0.86450551       3.4125483
      0.12340514     -0.83398204       3.3263332
      0.11917125     -0.80125737       3.2353907
      0.11507430     -0.76616265       3.1398051
      0.11112941     -0.72852715       3.0385744
      0.10735337     -0.68818346       2.9296245
      0.10376461     -0.64497461       2.8104858
      0.10038320     -0.59876346       2.6801493
     0.097230797     -0.54944452       2.5423345
      0.14677399     -0.92830910       3.7197423
      0.14217068     -0.90384998       3.6477658
      0.13765808     -0.87777079       3.5659085
      0.13324541     -0.84994429       3.4781057
      0.12894292     -0.82023647       3.3869584
      0.12476203     -0.78850797       3.2942054
      0.12071535     -0.75461616       3.2009305
      0.11681685     -0.71841825       3.1074194
      0.11308184     -0.67977565       3.0128310
      0.10952705     -0.63855970       2.9152488
      0.10617060     -0.59465910       2.8128466
      0.10303185     -0.54798902       2.7062596
      0.15212526     -0.91328867       3.8427586
      0.14757479     -0.88925508       3.7546718
      0.14311496     -0.86370806       3.6575638
      0.13875449     -0.83653668       3.5568229
      0.13450306     -0.80762512       3.4555135
      0.13037134     -0.77685391       3.3555819
      0.12637106     -0.74410189       3.2586021
      0.12251511     -0.70924883       3.1659260
      0.11881752     -0.67217908       3.0781614
      0.11529356     -0.63278626       2.9943052
      0.11195959     -0.59097912       2.9117554
      0.10883310     -0.54668868       2.8282873
      0.15750851     -0.89929199       4.0081020
      0.15300811     -0.87569400       3.8946308
      0.14859805     -0.85068070       3.7735809
      0.14428661     -0.82415512       3.6527954
      0.14008289     -0.79601672       3.5354640
      0.13599690     -0.76616265       3.4229084
      0.13203954     -0.73448939       3.3162316
      0.12822275     -0.70089508       3.2171162
      0.12455944     -0.66528251       3.1277423
      0.12106354     -0.62756299       3.0493581
      0.11774996     -0.58766102       2.9800441
      0.11463452     -0.54551996       2.9149366
      0.16292058     -0.88622279       4.2324321
      0.15846764     -0.86306513       4.0787228
      0.15410457     -0.83858241       3.9205812
      0.14983921     -0.81268955       3.7702783
      0.14568015     -0.78529900       3.6303142
      0.14163676     -0.75632177       3.5000445
      0.13771922     -0.72566899       3.3786558
      0.13393858     -0.69325382       3.2665690
      0.13030675     -0.65899403       3.1663130
      0.12683652     -0.62281508       3.0824111
      0.12354150     -0.58465400       3.0177899
      0.12043608     -0.54446383       2.9675531
      0.16835869     -0.87399591       4.5428288
      0.16395076     -0.85127920       4.3217327
      0.15963208     -0.82732041       4.1051046
      0.15541010     -0.80204467       3.9123167
      0.15129291     -0.77537543       3.7422673
      0.14728929     -0.74723539       3.5899054
      0.14340877     -0.71754787       3.4507531
      0.13966159     -0.68623843       3.3221063
      0.13605878     -0.65323704       3.2039354
      0.13261211     -0.61848065       3.1008731
      0.12933406     -0.58191631       3.0243292
      0.12623776     -0.54350478       2.9820633
      0.17382038     -0.86253578       4.9865583
      0.16945517     -0.84025751       4.6389457
      0.16517849     -0.81681346       4.3288328
      0.16099738     -0.79213757       4.0774929
      0.15691950     -0.76616265       3.8700602
      0.15295308     -0.73882129       3.6925211
      0.14910705     -0.71004701       3.5348759
      0.14539093     -0.67977565       3.3903092
      0.14181496     -0.64794723       3.2544508
      0.13838999     -0.61450807       3.1258980
      0.13512750     -0.57941335       3.0119221
      0.13203954     -0.54263000       2.9483392
      0.17930351     -0.85177521       5.6411143
      0.17497887     -0.82993048       5.0105209
      0.17074194     -0.80699020       4.5713409
      0.16659940     -0.78289588       4.2526956
      0.16255848     -0.75758835       4.0057295
      0.15862693     -0.73100859       3.8031747
      0.15481310     -0.70309870       3.6287233
      0.15112589     -0.67380313       3.4718418
      0.14757479     -0.64307021       3.3250313
      0.14416987     -0.61085397       3.1820801
      0.14092172     -0.57711621       3.0366746
      0.13784142     -0.54182887       2.8858571
      0.11810689      -1.0594810       3.4664569
      0.11832053      -1.1085407       3.5138110
      0.11881752      -1.1573068       3.5678016
      0.11959435      -1.2055531       3.6307854
      0.12064559      -1.2530678       3.7060308
      0.12196416      -1.2996585       3.7981019
      0.12354150      -1.3451564       3.9134672
      0.12536783      -1.3894182       4.0615432
      0.12743246      -1.4323277       4.2566033
      0.12972401      -1.4737955       4.5214104
      0.13223068      -1.5137577       4.8936034
      0.13494047      -1.5521743       5.4062888
      0.11308184      -1.0343682       3.4084010
      0.11315626      -1.0856686       3.4638282
      0.11352763      -1.1367673       3.5240832
      0.11419305      -1.1874017       3.5905649
      0.11514743      -1.2373232       3.6654733
      0.11638365      -1.2863043       3.7520805
      0.11789286      -1.3341438       3.8551074
      0.11966472      -1.3806707       3.9812197
      0.12168776      -1.4257457       4.1395838
      0.12394968      -1.4692613       4.3419104
      0.12643766      -1.5111413       4.5981639
      0.12913864      -1.5513375       4.8840198
      0.10813470      -1.0069391       3.3371737
      0.10805682      -1.0606235       3.4013986
      0.10829029      -1.1142307       3.4690843
      0.10883310      -1.1674552       3.5405897
      0.10968067      -1.2200044       3.6169936
      0.11082599      -1.2716078       3.7002541
      0.11225996      -1.3220245       3.7934184
      0.11397167      -1.3710485       3.9007837
      0.11594884      -1.4185117       4.0277531
      0.11817814      -1.4642842       4.1796831
      0.12064559      -1.5082737       4.3574969
      0.12333690      -1.5504221       4.5438662
      0.10327668     -0.97690498       3.2518290
      0.10303185      -1.0331168       3.3261986
      0.10311353      -1.0894176       3.4031627
      0.10352093      -1.1454521       3.4819818
      0.10425025      -1.2008751       3.5626225
      0.10529478      -1.2553634       3.6458015
      0.10664528      -1.3086268       3.7331126
      0.10829029      -1.3604156       3.8271173
      0.11021663      -1.4105248       3.9310979
      0.11240984      -1.4587962       4.0479567
      0.11485462      -1.5051169       4.1773848
      0.11753528      -1.5494162       4.3100695
     0.098520957     -0.94393914       3.1499019
     0.098092789      -1.0028152       3.2365355
     0.098006931      -1.0620003       3.3253768
     0.098264280      -1.1210821       3.4145366
     0.098862156      -1.1796521       3.5029351
     0.099794439      -1.2373232       3.5901550
      0.10105187      -1.2937431       3.6764821
      0.10262251      -1.3486067       3.7630790
      0.10449222      -1.4016622       3.8519798
      0.10664528      -1.4527146       3.9453931
      0.10906491      -1.5016248       4.0438748
      0.11173379      -1.5483060       4.1433557
     0.093883075     -0.90767348       3.0270473
     0.093253282     -0.96933498       3.1291503
     0.092982065      -1.0315948       3.2333938
     0.093072559      -1.0939756       3.3366684
     0.093523713      -1.1559947       3.4370189
     0.094330353      -1.2171858       3.5331226
     0.095483470      -1.2771194       3.6240817
     0.096970705      -1.3354193       3.7096432
     0.098776967      -1.3917732       3.7906514
      0.10088512      -1.4459383       3.8690608
      0.10327668      -1.4977413       3.9467758
      0.10593246      -1.5470741       4.0234440
     0.089381384     -0.86769763       2.8764690
     0.088529662     -0.93223663       2.9989741
     0.088052924     -0.99775072       3.1234695
     0.087957266      -1.0636918       3.2454633
     0.088243928      -1.1294899       3.3624649
     0.088909212      -1.1945825       3.4727738
     0.089944717      -1.2584426       3.5747063
     0.091337852      -1.3206024       3.6665033
     0.093072559      -1.3806707       3.7471451
     0.095130154      -1.4383417       3.8176133
     0.097490195      -1.4933967       3.8809631
      0.10013130      -1.5456994       3.9401814
     0.085037513     -0.82356093       2.6879477
     0.083941494     -0.89102068       2.8388173
     0.083236514     -0.95994235       2.9905799
     0.082932545      -1.0297039       3.1369997
     0.083033992      -1.0996358       3.2756283
     0.083539377      -1.1690590       3.4053605
     0.084441448      -1.2373232       3.5247912
     0.085727684      -1.3038422       3.6312425
     0.087381121      -1.3681203       3.7209842
     0.089381384      -1.4297674       3.7916856
     0.091705780      -1.4885040       3.8458078
     0.094330353      -1.5441557       3.8899205
     0.080876896     -0.77477960       2.4461197
     0.079512230     -0.84512734       2.6390405
     0.078553575     -0.91755929       2.8288697
     0.078015899     -0.99138298       3.0071307
     0.077907918      -1.0658196       3.1724990
     0.078231413      -1.1400508       3.3259127
     0.078981081      -1.2132715       3.4680200
     0.080144964      -1.2847410       3.5973301
     0.081705362      -1.3538237       3.7084604
     0.083640088      -1.4200152       3.7925555
     0.085923857      -1.4829526       3.8450140
     0.088529662      -1.5424097       3.8745255
     0.076929273     -0.72085204       2.1275060
     0.075269928     -0.79394241       2.3877692
     0.074029439     -0.86990125       2.6329471
     0.073229098     -0.94798125       2.8529775
     0.072883404      -1.0272916       3.0503388
     0.072998817      -1.1068526       3.2300903
     0.073573167      -1.1856661       3.3967906
     0.074595855      -1.2627890       3.5530086
     0.076048795      -1.3373965       3.6967570
     0.077907918      -1.4088267       3.8157886
     0.080144964      -1.4766004       3.8860296
     0.082729279      -1.5404188       3.9024624
     0.073229098     -0.66128611       1.6968009
     0.071247991     -0.73681429       2.0747915
     0.069695040     -0.81618017       2.4018180
     0.068599329     -0.89861725       2.6757068
     0.067982971     -0.98313530       2.9099316
     0.067859027      -1.0685776       3.1168816
     0.068230182      -1.1537096       3.3063255
     0.069088457      -1.2373232       3.4859806
     0.070416043      -1.3183353       3.6614920
     0.072187050      -1.3958630       3.8323623
     0.074369807      -1.4692613       3.9692232
     0.076929273      -1.5381277       3.9929994
     0.069815724     -0.59564266       1.1240724
     0.067485831     -0.67308829       1.7146557
     0.065588004     -0.75553697       2.1502995
     0.064160597     -0.84226918       2.4857240
     0.063235473     -0.93223663       2.7582135
     0.062834822      -1.0241076       2.9907239
     0.062968656      -1.1163691       3.1985356
     0.063633602      -1.2074691       3.3931810
     0.064813316      -1.2959694       3.5850682
     0.066480399      -1.3806707       3.7858328
     0.068599329      -1.4606871       4.0092960
     0.071129737      -1.5354631       4.1852816
      0.12313197      -1.0589797       3.4937818
      0.12815708      -1.0358774       3.5079792
      0.13324541      -1.0145290       3.5342968
      0.13838999     -0.99475928       3.5758067
      0.14358476     -0.97641334       3.6365777
      0.14882449     -0.95935382       3.7219969
      0.15410457     -0.94345895       3.8393185
      0.15942100     -0.92862067       3.9986282
      0.16477026     -0.91474295       4.2144504
      0.17014926     -0.90174030       4.5077299
      0.17555525     -0.88953649       4.9018624
      0.18098583     -0.87806342       5.3284251
      0.12333690      -1.1060428       3.5298150
      0.12822275      -1.0811463       3.5282311
      0.13318222      -1.0580905       3.5374481
      0.13820737      -1.0367007       3.5603894
      0.14329131      -1.0168200       3.6006962
      0.14842800     -0.99830855       3.6628773
      0.15361213     -0.98104093       3.7524664
      0.15883907     -0.96490521       3.8761904
      0.16410473     -0.94980126       4.0419439
      0.16940548     -0.93563947       4.2573442
      0.17473815     -0.92233952       4.5212753
      0.18009990     -0.90982937       4.7879521
      0.12381377      -1.1528466       3.5733066
      0.12855060      -1.1262765       3.5550816
      0.13337171      -1.1016108       3.5458806
      0.13826827      -1.0786790       3.5486214
      0.14323255      -1.0573262       3.5667365
      0.14825775      -1.0374123       3.6042512
      0.15333787      -1.0188109       3.6656923
      0.15846764      -1.0014081       3.7557560
      0.16364239     -0.98510130       3.8785752
      0.16885797     -0.96979797       4.0358758
      0.17411073     -0.95541480       4.2218283
      0.17939739     -0.94187669       4.4106228
      0.12455944      -1.1991907       3.6270655
      0.12913864      -1.1710863       3.5914102
      0.13381282      -1.1449258       3.5625951
      0.13857236      -1.1205467       3.5436326
      0.14340877      -1.0977991       3.5378985
      0.14831452      -1.0765459       3.5493126
      0.15328296      -1.0566620       3.5822007
      0.15830819      -1.0380335       3.6406869
      0.16338496      -1.0205569       3.7275820
      0.16850863      -1.0041383       3.8427135
      0.17367503     -0.98869263       3.9802286
      0.17888046     -0.97414255       4.1242452
      0.12556912      -1.2448866       3.6947188
      0.12998333      -1.2154020       3.6406647
      0.13450306      -1.1878763       3.5909847
      0.13911804      -1.1621585       3.5488153
      0.14381909      -1.1381068       3.5174330
      0.14859805      -1.1155899       3.5007663
      0.15344764      -1.0944861       3.5035247
      0.15836136      -1.0746835       3.5305628
      0.16333343      -1.0560796       3.5853401
      0.16835869      -1.0385806       3.6679118
      0.17343250      -1.0221006       3.7731589
      0.17855073      -1.0065615       3.8895515
      0.12683652      -1.2897614       3.7810485
      0.13107971      -1.2590610       3.7070445
      0.13543864      -1.2303109       3.6349607
      0.13990249      -1.2033744       3.5680673
      0.14446154      -1.1781207       3.5092401
      0.14910705      -1.1544263       3.4620395
      0.15383119      -1.1321752       3.4315470
      0.15862693      -1.1112598       3.4242895
      0.16348798      -1.0915799       3.4464256
      0.16840868      -1.0730433       3.5004112
      0.17338395      -1.0555648       3.5823040
      0.17840922      -1.0390660       3.6817322
      0.12835399      -1.3336620       3.8925159
      0.13242153      -1.3019156       3.7956722
      0.13661451      -1.2720893       3.6988830
      0.14092172      -1.2440625       3.6056793
      0.14533302      -1.2177175       3.5180292
      0.14983921      -1.1929408       3.4381616
      0.15443199      -1.1696241       3.3704341
      0.15910385      -1.1476653       3.3228173
      0.16384803      -1.1269687       3.3062069
      0.16865843      -1.1074447       3.3293328
      0.17352955      -1.0890101       3.3916723
      0.17845640      -1.0715878       3.4819700
      0.13011279      -1.3764565       4.0381668
      0.13400142      -1.3438352       3.9127927
      0.13802452      -1.3130845       3.7872654
      0.14217068      -1.2841012       3.6657402
      0.14642945      -1.2567819       3.5486771
      0.15079129      -1.2310249       3.4356693
      0.15524751      -1.2067311       3.3280965
      0.15979021      -1.1838057       3.2325733
      0.16441223      -1.1621585       3.1643942
      0.16910706      -1.1417040       3.1447081
      0.17386881      -1.1223622       3.1847121
      0.17869211      -1.1040581       3.2724623
      0.13210329      -1.4180357       4.2312153
      0.13581107      -1.3847081       4.0658947
      0.13966159      -1.3531848       3.9041564
      0.14364338      -1.3233808       3.7510807
      0.14774583      -1.2952081       3.6046887
      0.15195916      -1.2685774       3.4607488
      0.15627440      -1.2434005       3.3154076
      0.16068334      -1.2195907       3.1687850
      0.16517849      -1.1970647       3.0328587
      0.16975298      -1.1757423       2.9423260
      0.17440059      -1.1555477       2.9418748
      0.17911561      -1.1364088       3.0319333
      0.13431517      -1.4583133       4.4914575
      0.13784142      -1.4244417       4.2628150
      0.14151784      -1.3922947       4.0516068
      0.14533302      -1.3618053       3.8617545
      0.14927633      -1.3329010       3.6862512
      0.15333787      -1.3055060       3.5159079
      0.15750851      -1.2795432       3.3410496
      0.16177981      -1.2549354       3.1524423
      0.16614400      -1.2316069       2.9461893
      0.17059396      -1.2094839       2.7449014
      0.17512315      -1.1884954       2.6428636
      0.17972557      -1.1685734       2.7290545
      0.13673769      -1.4972251       4.8450655
      0.14008289      -1.4629631       4.5050224
      0.14358476      -1.4303355       4.2251577
      0.14723213      -1.3992928       3.9926089
      0.15101444      -1.3697778       3.7885997
      0.15492181      -1.3417281       3.5973692
      0.15894503      -1.3150784       3.4045203
      0.16307552      -1.2897614       3.1945345
      0.16730534      -1.2657098       2.9485096
      0.17162713      -1.2428568       2.6464035
      0.17603413      -1.2211372       2.3197668
      0.18052009      -1.2004877       2.3087459
      0.13935988      -1.5347276       5.2530298
      0.14252552      -1.5002178       4.7546323
      0.14585341      -1.4672450       4.4020429
      0.14933271      -1.4357757       4.1291711
      0.15295308      -1.4057676       3.9009139
      0.15670476      -1.3771716       3.6951368
      0.16057853      -1.3499339       3.4947814
      0.16456577      -1.3239976       3.2832252
      0.16865843      -1.2993041       3.0399864
      0.17284904      -1.2757942       2.7342565
      0.17713063      -1.2534089       2.3112520
      0.18149677      -1.2320904       1.6557701
