    0.0029014425      0.52359878       2.3708677
    0.0076764953       1.2373232       2.3980914
     0.013296080       1.3806707       2.4324788
     0.019026031       1.4383417       2.4749574
     0.024789936       1.4692613       2.5272767
     0.030568593       1.4885040       2.5922275
     0.036354970       1.5016248       2.6740213
     0.042145887       1.5111413       2.7789837
     0.047939698       1.5183581       2.9168840
     0.053735467       1.5240183       3.1036046
     0.059532623       1.5285763       3.3667735
     0.065330796       1.5323253       3.7550454
    0.0076764953     -0.19012560       2.3067107
    0.0087043275      0.52359878       2.3294334
     0.012647095      0.93223663       2.3588847
     0.017648786       1.1294899       2.3958558
     0.023029486       1.2373232       2.4419604
     0.028575895       1.3038422       2.4997064
     0.034207502       1.3486067       2.5726238
     0.039888240       1.3806707       2.6655270
     0.045599748       1.4047223       2.7849814
     0.051331758       1.4234114       2.9397914
     0.057078092       1.4383417       3.1395217
     0.062834822       1.4505387       3.3756505
     0.013296080     -0.33347317       2.2395462
     0.012647095      0.11496092       2.2584258
     0.014507212      0.52359878       2.2831473
     0.018119503      0.80463368       2.3142409
     0.022660990      0.98313530       2.3531455
     0.027677997       1.0996358       2.4021631
     0.032954052       1.1796521       2.4643483
     0.038382476       1.2373232       2.5433484
     0.043906792       1.2805974       2.6431678
     0.049494901       1.3141517       2.7675033
     0.055127407       1.3408745       2.9170521
     0.060791971       1.3626305       3.0794475
     0.019026031     -0.39114418       2.1682901
     0.017648786    -0.082292343       2.1846943
     0.018119503      0.24256387       2.2056225
     0.020310097      0.52359878       2.2311838
     0.023749330      0.73681429       2.2625851
     0.027980498      0.89102068       2.3020449
     0.032697596       1.0028152       2.3525395
     0.037718752       1.0856686       2.4173346
     0.042937428       1.1487325       2.4992993
     0.048289627       1.1979787       2.5999050
     0.053735467       1.2373232       2.7173143
     0.059249132       1.2693872       2.8421615
     0.024789936     -0.42206380       2.0912098
     0.023029486     -0.19012560       2.1074043
     0.022660990     0.064062249       2.1263974
     0.023749330      0.31038327       2.1476445
     0.026112982      0.52359878       2.1719721
     0.029446425      0.69510233       2.2015374
     0.033461067      0.82868530       2.2395881
     0.037941284      0.93223663       2.2898411
     0.042740917       1.0132488       2.3554209
     0.047763772       1.0775751       2.4375355
     0.052946357       1.1294899       2.5340766
     0.058246052       1.1720556       2.6379950
     0.030568593     -0.44130643       2.0055918
     0.028575895     -0.25664466       2.0249692
     0.027677997    -0.052438271       2.0450560
     0.027980498      0.15617687       2.0643419
     0.029446425      0.35209522       2.0830113
     0.031915867      0.52359878       2.1029688
     0.035178121      0.66694634       2.1278089
     0.039034916      0.78401695       2.1623531
     0.043327776      0.87899313       2.2113379
     0.047939698      0.95628825       2.2773900
     0.052787119       1.0197116       2.3592435
     0.057810832       1.0722945       2.4510721
     0.036354970     -0.45442728       1.9072914
     0.034207502     -0.30140915       1.9346845
     0.032954052     -0.13245460       1.9603648
     0.032697596     0.044382395       1.9814863
     0.033461067      0.21851225       1.9973035
     0.035178121      0.38025121       2.0090693
     0.037718752      0.52359878       2.0203067
     0.040929883      0.64669121       2.0370163
     0.044667139      0.75055985       2.0667763
     0.048809818      0.83761316       2.1158308
     0.053263404      0.91058938       2.1853898
     0.057956268      0.97203287       2.2702922
     0.042145887     -0.46394375       1.7900626
     0.039888240     -0.33347317       1.8323029
     0.038382476     -0.19012560       1.8699457
     0.037718752    -0.038471027       1.8984062
     0.037941284      0.11496092       1.9159268
     0.039034916      0.26318061       1.9227718
     0.040929883      0.40050634       1.9215031
     0.043521637      0.52359878       1.9181829
     0.046694298      0.63143204       1.9233700
     0.050338146      0.72461735       1.9498702
     0.054358508      0.80463368       2.0053490
     0.058678043      0.87325792       2.0861929
     0.047939698     -0.47116050       1.6444523
     0.045599748     -0.35752479       1.7115974
     0.043906792     -0.23339984       1.7701228
     0.042937428     -0.10153498       1.8132954
     0.042740917     0.033948732       1.8388461
     0.043327776      0.16820442       1.8463261
     0.044667139      0.29663770       1.8366419
     0.046694298      0.41576552       1.8136079
     0.049324522      0.52359878       1.7877151
     0.052467195      0.61952847       1.7794775
     0.056036162      0.70393909       1.8116950
     0.059955345      0.77778663       1.8885800
     0.053735467     -0.47682074       1.4558312
     0.051331758     -0.37621381       1.5641475
     0.049494901     -0.26695412       1.6563421
     0.048289627     -0.15078113       1.7235216
     0.047763772    -0.030377509       1.7646676
     0.047939698     0.090909298       1.7800798
     0.048809818      0.20958439       1.7696001
     0.050338146      0.32258020       1.7332392
     0.052467195      0.42766908       1.6751576
     0.055127407      0.52359878       1.6147259
     0.058246052      0.60998578       1.5982728
     0.061753712      0.68708375       1.6637444
     0.059532623     -0.48137874       1.2009992
     0.057078092     -0.39114418       1.3806901
     0.055127407     -0.29367693       1.5251589
     0.053735467     -0.19012560       1.6271022
     0.052946357    -0.082292343       1.6914394
     0.052787119     0.027485946       1.7221280
     0.053263404      0.13660817       1.7200939
     0.054358508      0.24256387       1.6831025
     0.056036162      0.34325846       1.6067171
     0.058246052      0.43721177       1.4910548
     0.060930292      0.52359878       1.3755800
     0.064029255      0.60216630       1.3900136
     0.065330796     -0.48512775      0.84786445
     0.062834822     -0.40334111       1.1618516
     0.060791971     -0.31543293       1.3806494
     0.059249132     -0.22218963       1.5261245
     0.058246052     -0.12485803       1.6188123
     0.057810832    -0.025096915       1.6698344
     0.057956268     0.075164683       1.6835668
     0.058678043      0.17393963       1.6589074
     0.059955345      0.26941092       1.5888875
     0.061753712      0.36011380       1.4587082
     0.064029255      0.44503126       1.2463210
     0.066733177      0.52359878       1.0385675
    0.0029014425       2.6179939       2.4193553
    0.0076764953      -2.9514671       2.4505293
     0.013296080      -2.8081195       2.4767549
     0.019026031      -2.7504485       2.4973732
     0.024789936      -2.7195289       2.5115567
     0.030568593      -2.7002862       2.5183859
     0.036354970      -2.6871654       2.5168657
     0.042145887      -2.6776489       2.5058432
     0.047939698      -2.6704321       2.4837944
     0.053735467      -2.6647719       2.4485249
     0.059532623      -2.6602139       2.3976241
     0.065330796      -2.6564649       2.3411052
    0.0076764953       1.9042695       2.4477746
    0.0087043275       2.6179939       2.4771113
     0.012647095       3.0266317       2.5022539
     0.017648786      -3.0593003       2.5226446
     0.023029486      -2.9514671       2.5374282
     0.028575895      -2.8849480       2.5456088
     0.034207502      -2.8401835       2.5461857
     0.039888240      -2.8081195       2.5382397
     0.045599748      -2.7840679       2.5209788
     0.051331758      -2.7653788       2.4939152
     0.057078092      -2.7504485       2.4579855
     0.062834822      -2.7382515       2.4205193
     0.013296080       1.7609219       2.4830800
     0.012647095       2.2093560       2.5100712
     0.014507212       2.6179939       2.5338446
     0.018119503       2.8990288       2.5539786
     0.022660990       3.0775304       2.5695568
     0.027677997      -3.0891544       2.5793921
     0.032954052      -3.0091381       2.5822866
     0.038382476      -2.9514671       2.5772954
     0.043906792      -2.9081928       2.5639605
     0.049494901      -2.8746385       2.5425803
     0.055127407      -2.8479157       2.5148555
     0.060791971      -2.8261597       2.4855284
     0.019026031       1.7032509       2.5258611
     0.017648786       2.0121028       2.5493524
     0.018119503       2.3369590       2.5709673
     0.020310097       2.6179939       2.5905098
     0.023749330       2.8312094       2.6070138
     0.027980498       2.9854158       2.6189886
     0.032697596       3.0972103       2.6247693
     0.037718752      -3.1031216       2.6229726
     0.042937428      -3.0400577       2.6129639
     0.048289627      -2.9908115       2.5952093
     0.053735467      -2.9514671       2.5715392
     0.059249132      -2.9194030       2.5455023
     0.024789936       1.6723313       2.5774415
     0.023029486       1.9042695       2.5953828
     0.022660990       2.1584574       2.6132642
     0.023749330       2.4047784       2.6312797
     0.026112982       2.6179939       2.6485187
     0.029446425       2.7894974       2.6631749
     0.033461067       2.9230804       2.6728744
     0.037941284       3.0266317       2.6752706
     0.042740917       3.1076439       2.6688706
     0.047763772      -3.1112151       2.6537423
     0.052946357      -3.0593003       2.6317072
     0.058246052      -3.0167346       2.6060407
     0.030568593       1.6530887       2.6401471
     0.028575895       1.8377504       2.6493115
     0.027677997       2.0419568       2.6607911
     0.027980498       2.2505720       2.6753873
     0.029446425       2.4464903       2.6924420
     0.031915867       2.6179939       2.7100169
     0.035178121       2.7613414       2.7250166
     0.039034916       2.8784120       2.7336383
     0.043327776       2.9733882       2.7325326
     0.047939698       3.0506834       2.7203848
     0.052787119       3.1141067       2.6987272
     0.057810832      -3.1164957       2.6712539
     0.036354970       1.6399678       2.7176977
     0.034207502       1.7929860       2.7133004
     0.032954052       1.9619405       2.7143003
     0.032697596       2.1387775       2.7222962
     0.033461067       2.3129074       2.7370394
     0.035178121       2.4746463       2.7568100
     0.037718752       2.6179939       2.7782536
     0.040929883       2.7410863       2.7961366
     0.044667139       2.8449550       2.8041025
     0.048809818       2.9320083       2.7974263
     0.053263404       3.0049845       2.7761500
     0.057956268       3.0664280       2.7449634
     0.042145887       1.6304514       2.8157867
     0.039888240       1.7609219       2.7907936
     0.038382476       1.9042695       2.7754644
     0.037718752       2.0559241       2.7722005
     0.037941284       2.2093560       2.7809830
     0.039034916       2.3575757       2.8005055
     0.040929883       2.4949014       2.8280262
     0.043521637       2.6179939       2.8581687
     0.046694298       2.7258271       2.8815799
     0.050338146       2.8190125       2.8868404
     0.054358508       2.8990288       2.8683661
     0.058678043       2.9676530       2.8316511
     0.047939698       1.6232346       2.9429459
     0.045599748       1.7368703       2.8865688
     0.043906792       1.8609953       2.8467632
     0.042937428       1.9928601       2.8261466
     0.042740917       2.1283438       2.8239639
     0.043327776       2.2625995       2.8388163
     0.044667139       2.3910328       2.8690576
     0.046694298       2.5101606       2.9114719
     0.049324522       2.6179939       2.9574758
     0.052467195       2.7139236       2.9880893
     0.056036162       2.7983342       2.9813005
     0.059955345       2.8721817       2.9376903
     0.053735467       1.6175744       3.1115434
     0.051331758       1.7181813       3.0059004
     0.049494901       1.8274410       2.9305185
     0.048289627       1.9436140       2.8854471
     0.047763772       2.0640176       2.8667574
     0.047939698       2.1853044       2.8714132
     0.048809818       2.3039795       2.8980302
     0.050338146       2.4169753       2.9463698
     0.052467195       2.5220642       3.0146539
     0.055127407       2.6179939       3.0889053
     0.058246052       2.7043809       3.1215863
     0.061753712       2.7814789       3.0735905
     0.059532623       1.6130164       3.3356404
     0.057078092       1.7032509       3.1500327
     0.055127407       1.8007182       3.0259674
     0.053735467       1.9042695       2.9499379
     0.052946357       2.0121028       2.9101909
     0.052787119       2.1218810       2.8998530
     0.053263404       2.2310033       2.9160328
     0.054358508       2.3369590       2.9593161
     0.056036162       2.4376536       3.0337847
     0.058246052       2.5316069       3.1454011
     0.060930292       2.6179939       3.2753309
     0.064029255       2.6965614       3.2589569
     0.065330796       1.6092674       3.5843516
     0.062834822       1.6910540       3.2976035
     0.060791971       1.7789622       3.1224223
     0.059249132       1.8722055       3.0149258
     0.058246052       1.9695371       2.9531756
     0.057810832       2.0692982       2.9257711
     0.057956268       2.1695598       2.9273424
     0.058678043       2.2683347       2.9569032
     0.059955345       2.3638060       3.0178990
     0.061753712       2.4545089       3.1201326
     0.064029255       2.5394264       3.2854410
     0.066733177       2.6179939       3.5114739
    0.0029014425      -1.5707963       2.3794128
    0.0076764953     -0.85707195       2.3210352
     0.013296080     -0.71372438       2.2593676
     0.019026031     -0.65605337       2.1929720
     0.024789936     -0.62513375       2.1197545
     0.030568593     -0.60589112       2.0366759
     0.036354970     -0.59277027       1.9393632
     0.042145887     -0.58325380       1.8215030
     0.047939698     -0.57603705       1.6737966
     0.053735467     -0.57037681       1.4821238
     0.059532623     -0.56581881       1.2248236
     0.065330796     -0.56206980      0.87740430
    0.0076764953      -2.2845207       2.4149106
    0.0087043275      -1.5707963       2.3639397
     0.012647095      -1.1621585       2.3102954
     0.017648786     -0.96490521       2.2525719
     0.023029486     -0.85707195       2.1888317
     0.028575895     -0.79055289       2.1164077
     0.034207502     -0.74578840       2.0317146
     0.039888240     -0.71372438       1.9300387
     0.045599748     -0.68967276       1.8052941
     0.051331758     -0.67098374       1.6499869
     0.057078092     -0.65605337       1.4569796
     0.062834822     -0.64385644       1.2314139
     0.013296080      -2.4278683       2.4451033
     0.012647095      -1.9794342       2.4016315
     0.014507212      -1.5707963       2.3563506
     0.018119503      -1.2897614       2.3079750
     0.022660990      -1.1112598       2.2547652
     0.027677997     -0.99475928       2.1943662
     0.032954052     -0.91474295       2.1237491
     0.038382476     -0.85707195       2.0392911
     0.043906792     -0.81379771       1.9370463
     0.049494901     -0.78024343       1.8134428
     0.055127407     -0.75352062       1.6673914
     0.060791971     -0.73176462       1.5067235
     0.019026031      -2.4855393       2.4693037
     0.017648786      -2.1766874       2.4333472
     0.018119503      -1.8518312       2.3965405
     0.020310097      -1.5707963       2.3578164
     0.023749330      -1.3575808       2.3157013
     0.027980498      -1.2033744       2.2681121
     0.032697596      -1.0915799       2.2123053
     0.037718752      -1.0087265       2.1450915
     0.042937428     -0.94566257       2.0633905
     0.048289627     -0.89641642       1.9651816
     0.053735467     -0.85707195       1.8511074
     0.059249132     -0.82500793       1.7274609
     0.024789936      -2.5164589       2.4867206
     0.023029486      -2.2845207       2.4582744
     0.022660990      -2.0303329       2.4298873
     0.023749330      -1.7840118       2.4008161
     0.026112982      -1.5707963       2.3699811
     0.029446425      -1.3992928       2.3356480
     0.033461067      -1.2657098       2.2952367
     0.037941284      -1.1621585       2.2454675
     0.042740917      -1.0811463       2.1830523
     0.047763772      -1.0168200       2.1059197
     0.052946357     -0.96490521       2.0146866
     0.058246052     -0.92233952       1.9141450
     0.030568593      -2.5357015       2.4964992
     0.028575895      -2.3510398       2.4756022
     0.027677997      -2.1468334       2.4554834
     0.027980498      -1.9382182       2.4358010
     0.029446425      -1.7422999       2.4160439
     0.031915867      -1.5707963       2.3950652
     0.035178121      -1.4274488       2.3706196
     0.039034916      -1.3103782       2.3391530
     0.043327776      -1.2154020       2.2963279
     0.047939698      -1.1381068       2.2386238
     0.052787119      -1.0746835       2.1654534
     0.057810832      -1.0221006       2.0804955
     0.036354970      -2.5488224       2.4976977
     0.034207502      -2.3958043       2.4845409
     0.032954052      -2.2268497       2.4725565
     0.032697596      -2.0500127       2.4617954
     0.033461067      -1.8758829       2.4524693
     0.035178121      -1.7141439       2.4443647
     0.037718752      -1.5707963       2.4361042
     0.040929883      -1.4477039       2.4243096
     0.044667139      -1.3438352       2.4032760
     0.048809818      -1.2567819       2.3664599
     0.053263404      -1.1838057       2.3101782
     0.057956268      -1.1223622       2.2367225
     0.042145887      -2.5583389       2.4891586
     0.039888240      -2.4278683       2.4842866
     0.038382476      -2.2845207       2.4805271
     0.037718752      -2.1328661       2.4781709
     0.037941284      -1.9794342       2.4782107
     0.039034916      -1.8312145       2.4816521
     0.040929883      -1.6938888       2.4887005
     0.043521637      -1.5707963       2.4974254
     0.046694298      -1.4629631       2.5018671
     0.050338146      -1.3697778       2.4913691
     0.054358508      -1.2897614       2.4552888
     0.058678043      -1.2211372       2.3919762
     0.047939698      -2.5655556       2.4692035
     0.045599748      -2.4519199       2.4739170
     0.043906792      -2.3277949       2.4790467
     0.042937428      -2.1959301       2.4848064
     0.042740917      -2.0604464       2.4929477
     0.043327776      -1.9261907       2.5057624
     0.044667139      -1.7977574       2.5254541
     0.046694298      -1.6786296       2.5530365
     0.049324522      -1.5707963       2.5855636
     0.052467195      -1.4748666       2.6109349
     0.056036162      -1.3904560       2.6064168
     0.059955345      -1.3166085       2.5564305
     0.053735467      -2.5712158       2.4350147
     0.051331758      -2.4706089       2.4522832
     0.049494901      -2.3613492       2.4680888
     0.048289627      -2.2451762       2.4822249
     0.047763772      -2.1247726       2.4973623
     0.047939698      -2.0034858       2.5169974
     0.048809818      -1.8848107       2.5450871
     0.050338146      -1.7718149       2.5858637
     0.052467195      -1.6667260       2.6424943
     0.055127407      -1.5707963       2.7110022
     0.058246052      -1.4844093       2.7630016
     0.061753712      -1.4073114       2.7435352
     0.059532623      -2.5757738       2.3814185
     0.057078092      -2.4855393       2.4184180
     0.055127407      -2.3880720       2.4484482
     0.053735467      -2.2845207       2.4718272
     0.052946357      -2.1766874       2.4932099
     0.052787119      -2.0669092       2.5173776
     0.053263404      -1.9577869       2.5493800
     0.054358508      -1.8518312       2.5952601
     0.056036162      -1.7511366       2.6628513
     0.058246052      -1.6571833       2.7614912
     0.060930292      -1.5707963       2.8911692
     0.064029255      -1.4922288       2.9691626
     0.065330796      -2.5795229       2.3005396
     0.062834822      -2.4977362       2.3761161
     0.060791971      -2.4098280       2.4237273
     0.059249132      -2.3165847       2.4565259
     0.058246052      -2.2192531       2.4832877
     0.057810832      -2.1194920       2.5101867
     0.057956268      -2.0192304       2.5427117
     0.058678043      -1.9204555       2.5869927
     0.059955345      -1.8249842       2.6512550
     0.061753712      -1.7342813       2.7481729
     0.064029255      -1.6493638       2.8995384
     0.066733177      -1.5707963       3.1432421
      0.12313197       1.0354154       2.8734244
      0.12815708       1.0585177       2.9224965
      0.13324541       1.0798661       2.9739503
      0.13838999       1.0996358       3.0301334
      0.14358476       1.1179818       3.0939754
      0.14882449       1.1350413       3.1693337
      0.15410457       1.1509362       3.2615110
      0.15942100       1.1657744       3.3781163
      0.16477026       1.1796521       3.5305820
      0.17014926       1.1926548       3.7367076
      0.17555525       1.2048586       4.0213972
      0.18098583       1.2163317       4.2979375
      0.12333690      0.98835228       2.8358213
      0.12822275       1.0132488       2.8861416
      0.13318222       1.0363046       2.9374990
      0.13820737       1.0576944       2.9918362
      0.14329131       1.0775751       3.0515288
      0.14842800       1.0960866       3.1196162
      0.15361213       1.1133542       3.2000736
      0.15883907       1.1294899       3.2981208
      0.16410473       1.1445938       3.4204276
      0.16940548       1.1587556       3.5742777
      0.17473815       1.1720556       3.7604296
      0.18009990       1.1845657       3.9349509
      0.12381377      0.94154846       2.7972724
      0.12855060      0.96811865       2.8485079
      0.13337171      0.99278431       2.8996411
      0.13826827       1.0157161       2.9521515
      0.14323255       1.0370689       3.0078422
      0.14825775       1.0569828       3.0689927
      0.15333787       1.0755842       3.1384677
      0.15846764       1.0929870       3.2197048
      0.16364239       1.1092938       3.3163570
      0.16885797       1.1245971       3.4308869
      0.17411073       1.1389803       3.5599701
      0.17939739       1.1525184       3.6825429
      0.12455944      0.89520435       2.7587364
      0.12913864      0.92330877       2.8106385
      0.13381282      0.94946926       2.8616224
      0.13857236      0.97384843       2.9126532
      0.14340877      0.99659602       2.9649594
      0.14831452       1.0178492       3.0201557
      0.15328296       1.0377331       3.0802994
      0.15830819       1.0563616       3.1477777
      0.16338496       1.0738382       3.2248426
      0.16850863       1.0902568       3.3124698
      0.17367503       1.1057025       3.4079179
      0.17888046       1.1202526       3.5005061
      0.12556912      0.84950855       2.7207597
      0.12998333      0.87899313       2.7731356
      0.13450306      0.90651878       2.8241853
      0.13911804      0.93223663       2.8743100
      0.14381909      0.95628825       2.9241474
      0.14859805      0.97880520       2.9746894
      0.15344764      0.99990904       3.0273696
      0.15836136       1.0197116       3.0839961
      0.16333343       1.0383155       3.1463456
      0.16835869       1.0558145       3.2152655
      0.17343250       1.0722945       3.2892330
      0.17855073       1.0878336       3.3625706
      0.12683652      0.80463368       2.6834104
      0.13107971      0.83533415       2.7361316
      0.13543864      0.86408418       2.7875605
      0.13990249      0.89102068       2.8375002
      0.14446154      0.91627438       2.8859845
      0.14910705      0.93996885       2.9333728
      0.15383119      0.96221986       2.9804947
      0.15862693      0.98313530       3.0287416
      0.16348798       1.0028152       3.0798428
      0.16840868       1.0213518       3.1350948
      0.17338395       1.0388304       3.1941883
      0.17840922       1.0553291       3.2541426
      0.12835399      0.76073308       2.6462186
      0.13242153      0.79247953       2.6992928
      0.13661451      0.82230583       2.7515050
      0.14092172      0.85033255       2.8020533
      0.14533302      0.87667756       2.8504060
      0.14983921      0.90145434       2.8963008
      0.15443199      0.92477103       2.9398835
      0.15910385      0.94672976       2.9819970
      0.16384803      0.96742638       3.0243442
      0.16865843      0.98695037       3.0689515
      0.17352955       1.0053850       3.1168250
      0.17845640       1.0228073       3.1667496
      0.13011279      0.71793859       2.6081026
      0.13400142      0.75055985       2.6618547
      0.13802452      0.78131062       2.7154068
      0.14217068      0.81029391       2.7673698
      0.14642945      0.83761316       2.8167733
      0.15079129      0.86337023       2.8628706
      0.15524751      0.88766401       2.9051238
      0.15979021      0.91058938       2.9435284
      0.16441223      0.93223663       2.9792900
      0.16910706      0.95269107       3.0150875
      0.17386881      0.97203287       3.0536198
      0.17869211      0.99033705       3.0953487
      0.13210329      0.67635939       2.5672559
      0.13581107      0.70968699       2.6226952
      0.13966159      0.74121033       2.6784745
      0.14364338      0.77101429       2.7326661
      0.14774583      0.79918703       2.7840933
      0.15195916      0.82581767       2.8318309
      0.15627440      0.85099465       2.8749363
      0.16068334      0.87480440       2.9125004
      0.16517849      0.89733044       2.9443978
      0.16975298      0.91865275       2.9729088
      0.17440059      0.93884742       3.0027767
      0.17911561      0.95798634       3.0370266
      0.13431517      0.63608180       2.5210007
      0.13784142      0.66995337       2.5805230
      0.14151784      0.70210040       2.6400451
      0.14533302      0.73258980       2.6973489
      0.14927633      0.76149408       2.7514539
      0.15333787      0.78888906       2.8016702
      0.15750851      0.81485191       2.8471571
      0.16177981      0.83945969       2.8866714
      0.16614400      0.86278822       2.9186440
      0.17059396      0.88491123       2.9427404
      0.17512315      0.90589974       2.9640320
      0.17972557      0.92582172       2.9904309
      0.13673769      0.59717004       2.4659938
      0.14008289      0.63143204       2.5345923
      0.14358476      0.66405960       2.6001741
      0.14723213      0.69510233       2.6614982
      0.15101444      0.72461735       2.7185635
      0.15492181      0.75266697       2.7713615
      0.15894503      0.77931671       2.8195723
      0.16307552      0.80463368       2.8623593
      0.16730534      0.82868530       2.8980656
      0.17162713      0.85153830       2.9239349
      0.17603413      0.87325792       2.9389585
      0.18052009      0.89390742       2.9557486
      0.13935988      0.55966752       2.4026017
      0.14252552      0.59417730       2.4874963
      0.14585341      0.62715011       2.5609161
      0.14933271      0.65861937       2.6264796
      0.15295308      0.68862746       2.6861800
      0.15670476      0.71722346       2.7409892
      0.16057853      0.74446116       2.7912239
      0.16456577      0.77039747       2.8366484
      0.16865843      0.79509099       2.8763683
      0.17284904      0.81860092       2.9084314
      0.17713063      0.84098618       2.9287579
      0.18149677      0.86230468       2.9355023
      0.12064559       1.0712492       2.8858125
      0.11573083       1.0973598       2.8773028
      0.11090192       1.1257651       2.8740662
      0.10617060       1.1567289       2.8780709
      0.10155049       1.1905451       2.8915325
     0.097057480       1.2275379       2.9170531
     0.092710055       1.2680599       2.9578537
     0.088529662       1.3124878       3.0181465
     0.084541084       1.3612119       3.1036902
     0.080772740       1.4146195       3.2223458
     0.077256866       1.4730680       3.3825652
     0.074029439       1.5368476       3.5710868
      0.12577009       1.0933528       2.9321371
      0.12092438       1.1192414       2.9190021
      0.11616645       1.1472709       2.9101663
      0.11150753       1.1776681       2.9074181
      0.10696057       1.2106825       2.9126213
      0.10254044       1.2465852       2.9278173
     0.098264280       1.2856668       2.9553514
     0.094151697       1.3282325       2.9980001
     0.090225065       1.3745934       3.0589949
     0.086509708       1.4250531       3.1415309
     0.083033992       1.4798870       3.2461456
     0.079829224       1.5393149       3.3605113
      0.13095120       1.1137166       2.9810880
      0.12617105       1.1393122       2.9623631
      0.12148004       1.1669038       2.9470382
      0.11688889       1.1966871       2.9368685
      0.11240984       1.2288743       2.9335114
      0.10805682       1.2636934       2.9386206
      0.10384570       1.3013854       2.9539249
     0.099794439       1.3421997       2.9812419
     0.095923286       1.3863870       3.0223266
     0.092254922       1.4341882       3.0782915
     0.088814477       1.4858186       3.1479304
     0.085629428       1.5414480       3.2237136
      0.13618247       1.1325232       3.0350836
      0.13146448       1.1577736       3.0095838
      0.12683652       1.1848849       2.9866568
      0.12230879       1.2140262       2.9681710
      0.11789286       1.2453790       2.9557089
      0.11360176       1.2791357       2.9507059
      0.10945016       1.3154975       2.9545432
      0.10545456       1.3546698       2.9685334
      0.10163335       1.3968567       2.9937316
     0.098006931       1.4422515       3.0304688
     0.094597705       1.4910252       3.0774143
     0.091429973       1.5433104       3.1299479
      0.14145834       1.1499328       3.0970979
      0.13679924       1.1748005       3.0632122
      0.13223068       1.2014039       3.0311765
      0.12776234       1.2298896       3.0031196
      0.12340514       1.2604131       2.9806255
      0.11917125       1.2931377       2.9650019
      0.11507430       1.3282325       2.9574717
      0.11112941       1.3658680       2.9592018
      0.10735337       1.4062116       2.9710900
      0.10376461       1.4494205       2.9933096
      0.10038320       1.4956316       3.0246969
     0.097230797       1.5449506       3.0620739
      0.14677399       1.1660860       3.1710049
      0.14217068       1.1905451       3.1263823
      0.13765808       1.2166243       3.0831060
      0.13324541       1.2444508       3.0437431
      0.12894292       1.2741586       3.0098684
      0.12476203       1.3058871       2.9825989
      0.12071535       1.3397789       2.9630124
      0.11681685       1.3759769       2.9523539
      0.11308184       1.4146195       2.9518537
      0.10952705       1.4558354       2.9620723
      0.10617060       1.4997360       2.9821213
      0.10303185       1.5464061       3.0093208
      0.15212526       1.1811064       3.2620947
      0.14757479       1.2051400       3.2030790
      0.14311496       1.2306870       3.1454081
      0.13875449       1.2578584       3.0923589
      0.13450306       1.2867700       3.0453711
      0.13037134       1.3175412       3.0050909
      0.12637106       1.3502932       2.9721515
      0.12251511       1.3851463       2.9477626
      0.11881752       1.4222160       2.9338897
      0.11529356       1.4616088       2.9324083
      0.11195959       1.5034160       2.9433185
      0.10883310       1.5477064       2.9638464
      0.15750851       1.1951031       3.3779321
      0.15300811       1.2187011       3.2984402
      0.14859805       1.2437144       3.2214632
      0.14428661       1.2702400       3.1514018
      0.14008289       1.2983784       3.0892267
      0.13599690       1.3282325       3.0345867
      0.13203954       1.3599057       2.9870139
      0.12822275       1.3935000       2.9469116
      0.12455944       1.4291126       2.9166356
      0.12106354       1.4668321       2.9006391
      0.11774996       1.5067341       2.9021760
      0.11463452       1.5488751       2.9187248
      0.16292058       1.2081723       3.5298719
      0.15846764       1.2313300       3.4189675
      0.15410457       1.2558127       3.3147116
      0.14983921       1.2817055       3.2229110
      0.14568015       1.3090961       3.1431166
      0.14163676       1.3380733       3.0731260
      0.13771922       1.3687261       3.0105730
      0.13393858       1.4011413       2.9538069
      0.13030675       1.4354011       2.9034744
      0.12683652       1.4715800       2.8656968
      0.12354150       1.5097411       2.8522098
      0.12043608       1.5499313       2.8662285
      0.16835869       1.2203992       3.7355930
      0.16395076       1.2431159       3.5717220
      0.15963208       1.2670747       3.4272979
      0.15541010       1.2923504       3.3074196
      0.15129291       1.3190197       3.2073442
      0.14728929       1.3471597       3.1215362
      0.14340877       1.3768472       3.0450730
      0.13966159       1.4081567       2.9736224
      0.13605878       1.4411581       2.9037803
      0.13261211       1.4759145       2.8363352
      0.12933406       1.5124788       2.7890685
      0.12623776       1.5508903       2.7954483
      0.17382038       1.2318593       4.0197725
      0.16945517       1.2541376       3.7573012
      0.16517849       1.2775816       3.5556028
      0.16099738       1.3022575       3.4016450
      0.15691950       1.3282325       3.2795305
      0.15295308       1.3555738       3.1782805
      0.14910705       1.3843481       3.0900307
      0.14539093       1.4146195       3.0083190
      0.14181496       1.4464479       2.9267441
      0.13838999       1.4798870       2.8379667
      0.13512750       1.5149818       2.7371042
      0.13203954       1.5517651       2.6877981
      0.17930351       1.2426199       4.2962214
      0.17497887       1.2644646       3.9322042
      0.17074194       1.2874049       3.6784979
      0.16659940       1.3114992       3.4944368
      0.16255848       1.3368068       3.3530930
      0.15862693       1.3633865       3.2388520
      0.15481310       1.3912964       3.1416830
      0.15112589       1.4205920       3.0541455
      0.14757479       1.4513249       2.9695297
      0.14416987       1.4835411       2.8801859
      0.14092172       1.5172789       2.7752955
      0.13784142       1.5525662       2.6430461
      0.11810689       1.0349141       2.8441305
      0.11832053      0.98585437       2.8048804
      0.11881752      0.93708828       2.7646876
      0.11959435      0.88884200       2.7247129
      0.12064559      0.84132733       2.6857527
      0.12196416      0.79473657       2.6481260
      0.12354150      0.74923869       2.6115507
      0.12536783      0.70497687       2.5749961
      0.12743246      0.66206737       2.5364692
      0.12972401      0.62059962       2.4926131
      0.13223068      0.58063741       2.4378240
      0.13494047      0.54222082       2.3621035
      0.11308184       1.0600269       2.8369265
      0.11315626       1.0087265       2.7957079
      0.11352763      0.95762781       2.7529333
      0.11419305      0.90699344       2.7101566
      0.11514743      0.85707195       2.6686953
      0.11638365      0.80809085       2.6294854
      0.11789286      0.76025128       2.5929072
      0.11966472      0.71372438       2.5586055
      0.12168776      0.66864944       2.5253326
      0.12394968      0.62513375       2.4908256
      0.12643766      0.58325380       2.4518009
      0.12913864      0.54305756       2.4050391
      0.10813470       1.0874560       2.8350339
      0.10805682       1.0337716       2.7907580
      0.10829029      0.98016438       2.7441090
      0.10883310      0.92693989       2.6970005
      0.10968067      0.87439072       2.6512748
      0.11082599      0.82278735       2.6085552
      0.11225996      0.77237064       2.5700202
      0.11397167      0.72334659       2.5361385
      0.11594884      0.67588342       2.5064619
      0.11817814      0.63011087       2.4795999
      0.12064559      0.58612143       2.4535464
      0.12333690      0.54397302       2.4268672
      0.10327668       1.1174901       2.8405688
      0.10303185       1.0612783       2.7921010
      0.10311353       1.0049775       2.7401527
      0.10352093      0.94894296       2.6869242
      0.10425025      0.89352003       2.6347223
      0.10529478      0.83903171       2.5858742
      0.10664528      0.78576826       2.5424899
      0.10829029      0.73397951       2.5060696
      0.11021663      0.68387031       2.4770857
      0.11240984      0.63559893       2.4547836
      0.11485462      0.58927825       2.4374376
      0.11753528      0.54497886       2.4232207
     0.098520957       1.1504560       2.8559911
     0.098092789       1.0915799       2.8022068
     0.098006931       1.0323948       2.7435181
     0.098264280      0.97331302       2.6823072
     0.098862156      0.91474295       2.6211842
     0.099794439      0.85707195       2.5630682
      0.10105187      0.80065197       2.5110699
      0.10262251      0.74578840       2.4680356
      0.10449222      0.69273291       2.4357976
      0.10664528      0.64168050       2.4144877
      0.10906491      0.59277027       2.4024459
      0.11173379      0.54608915       2.3969706
     0.093883075       1.1867216       2.8842252
     0.093253282       1.1250601       2.8239641
     0.092982065       1.0628003       2.7571138
     0.093072559       1.0004195       2.6861608
     0.093523713      0.93840043       2.6137481
     0.094330353      0.87720935       2.5430419
     0.095483470      0.81727571       2.4779637
     0.096970705      0.75897584       2.4229589
     0.098776967      0.70262195       2.3820128
      0.10088512      0.64845681       2.3571149
      0.10327668      0.59665378       2.3471926
      0.10593246      0.54732105       2.3485659
     0.089381384       1.2266975       2.9289060
     0.088529662       1.1621585       2.8607523
     0.088052924       1.0966444       2.7841940
     0.087957266       1.0307033       2.7019104
     0.088243928      0.96490521       2.6162688
     0.088909212      0.89981259       2.5300628
     0.089944717      0.83595252       2.4473116
     0.091337852      0.77379268       2.3737665
     0.093072559      0.71372438       2.3163720
     0.095130154      0.65605337       2.2809205
     0.097490195      0.60099836       2.2687675
      0.10013130      0.54869569       2.2756526
     0.085037513       1.2708342       2.9948649
     0.083941494       1.2033744       2.9166431
     0.083236514       1.1344527       2.8282326
     0.082932545       1.0646912       2.7330003
     0.083033992      0.99475928       2.6328386
     0.083539377      0.92533614       2.5294053
     0.084441448      0.85707195       2.4255130
     0.085727684      0.79055289       2.3267094
     0.087381121      0.72627481       2.2424888
     0.089381384      0.66462767       2.1849360
     0.091705780      0.60589112       2.1624482
     0.094330353      0.55023941       2.1726724
     0.080876896       1.3196155       3.0890783
     0.079512230       1.2492678       2.9968358
     0.078553575       1.1768358       2.8928179
     0.078015899       1.1030121       2.7823583
     0.077907918       1.0285755       2.6668632
     0.078231413      0.95434432       2.5461901
     0.078981081      0.88112357       2.4205037
     0.080144964      0.80965407       2.2924352
     0.081705362      0.74057143       2.1704852
     0.083640088      0.67437990       2.0726577
     0.085923857      0.61144251       2.0225121
     0.088529662      0.55198542       2.0296857
     0.076929273       1.3735431       3.2225484
     0.075269928       1.3004527       3.1083687
     0.074029439       1.2244939       2.9814346
     0.073229098       1.1464139       2.8517275
     0.072883404       1.0671036       2.7199390
     0.072998817      0.98754253       2.5835093
     0.073573167      0.90872896       2.4391125
     0.074595855      0.83160612       2.2842483
     0.076048795      0.75699862       2.1204543
     0.077907918      0.68556839       1.9617733
     0.080144964      0.61779469       1.8482555
     0.082729279      0.55397628       1.8304510
     0.073229098       1.4331090       3.4142527
     0.071247991       1.3575808       3.2605254
     0.069695040       1.2782149       3.0962680
     0.068599329       1.1957779       2.9405078
     0.067982971       1.1112598       2.7907727
     0.067859027       1.0258175       2.6407101
     0.068230182      0.94068546       2.4833541
     0.069088457      0.85707195       2.3113024
     0.070416043      0.77605976       2.1169740
     0.072187050      0.69853212       1.8965738
     0.074369807      0.62513375       1.6720940
     0.076929273      0.55626735       1.5541367
     0.069815724       1.4987524       3.7002789
     0.067485831       1.4213068       3.4588617
     0.065588004       1.3388581       3.2325067
     0.064160597       1.2521259       3.0429070
     0.063235473       1.1621585       2.8740001
     0.062834822       1.0702875       2.7127568
     0.062968656      0.97802605       2.5486459
     0.063633602      0.88692602       2.3714421
     0.064813316      0.79842569       2.1689854
     0.066480399      0.71372438       1.9245025
     0.068599329      0.63370805       1.6150285
     0.071129737      0.55893204       1.2494256
      0.12313197     0.011782113       2.3056399
      0.12333690     0.058845276       2.2972216
      0.12381377      0.10564909       2.2943508
      0.12455944      0.15199320       2.2946972
      0.12556912      0.19768900       2.2964003
      0.12683652      0.24256387       2.2980436
      0.12835399      0.28646447       2.2986414
      0.13011279      0.32925896       2.2976040
      0.13210329      0.37083817       2.2946602
      0.13431517      0.41111575       2.2897408
      0.13673769      0.45002751       2.2829039
      0.13935988      0.48753003       2.2753349
      0.12815708    -0.011320110       2.3400076
      0.12822275     0.033948732       2.3353133
      0.12855060     0.079078902       2.3368763
      0.12913864      0.12388878       2.3417313
      0.12998333      0.16820442       2.3473253
      0.13107971      0.21186340       2.3515578
      0.13242153      0.25471802       2.3528785
      0.13400142      0.29663770       2.3503737
      0.13581107      0.33751056       2.3437745
      0.13784142      0.37724418       2.3333948
      0.14008289      0.41576552       2.3202164
      0.14252552      0.45302025       2.3068855
      0.13324541    -0.032668577       2.3605964
      0.13318222     0.010892970       2.3620738
      0.13337171     0.054413241       2.3706548
      0.13381282     0.097728290       2.3828656
      0.13450306      0.14067878       2.3955122
      0.13543864      0.18311337       2.4057372
      0.13661451      0.22489173       2.4112406
      0.13802452      0.26588693       2.4105748
      0.13966159      0.30598723       2.4033593
      0.14151784      0.34509715       2.3903215
      0.14358476      0.38313795       2.3732814
      0.14585341      0.42004744       2.3553903
      0.13838999    -0.052438271       2.3633674
      0.13820737    -0.010496892       2.3739810
      0.13826827     0.031481429       2.3925981
      0.13857236     0.073349118       2.4154308
      0.13911804      0.11496092       2.4387960
      0.13990249      0.15617687       2.4590685
      0.14092172      0.19686500       2.4729544
      0.14217068      0.23690364       2.4780528
      0.14364338      0.27618326       2.4734553
      0.14533302      0.31460775       2.4600320
      0.14723213      0.35209522       2.4402725
      0.14933271      0.38857818       2.4178799
      0.14358476    -0.070784208       2.3435089
      0.14329131    -0.030377509       2.3667989
      0.14323255     0.010128606       2.3988791
      0.14340877     0.050601528       2.4359002
      0.14381909     0.090909298       2.4740224
      0.14446154      0.13092317       2.5090508
      0.14533302      0.17051999       2.5365250
      0.14642945      0.20958439       2.5524641
      0.14774583      0.24801052       2.5545885
      0.14927633      0.28570347       2.5432942
      0.15101444      0.32258020       2.5216305
      0.15295308      0.35857009       2.4943005
      0.14882449    -0.087843731       2.2952494
      0.14842800    -0.048889001       2.3355642
      0.14825775   -0.0097852855       2.3850309
      0.14831452     0.029348364       2.4399717
      0.14859805     0.068392349       2.4969484
      0.14910705      0.10722870       2.5518143
      0.14983921      0.14574321       2.5991860
      0.15079129      0.18382732       2.6328902
      0.15195916      0.22137988       2.6478161
      0.15333787      0.25830849       2.6424411
      0.15492181      0.29453058       2.6199480
      0.15670476      0.32997409       2.5867634
      0.15410457     -0.10373860       2.2114036
      0.15361213    -0.066156624       2.2744877
      0.15333787    -0.028386648       2.3461254
      0.15328296    0.0094644759       2.4228593
      0.15344764     0.047288512       2.5023772
      0.15383119     0.084977687       2.5817463
      0.15443199      0.12242652       2.6558473
      0.15524751      0.15953355       2.7165195
      0.15627440      0.19620290       2.7539436
      0.15750851      0.23234564       2.7614051
      0.15894503      0.26788084       2.7403296
      0.16057853      0.30273639       2.6997606
      0.15942100     -0.11857688       2.0824415
      0.15883907    -0.082292343       2.1767306
      0.15846764    -0.045789421       2.2770643
      0.15830819   -0.0091640334       2.3799147
      0.15836136     0.027485946       2.4848664
      0.15862693     0.064062249       2.5917240
      0.15910385      0.10046779       2.6979878
      0.15979021      0.13660817       2.7959953
      0.16068334      0.17239315       2.8709361
      0.16177981      0.20773786       2.9050881
      0.16307552      0.24256387       2.8913264
      0.16456577      0.27680008       2.8411747
      0.16477026     -0.13245460       1.8947502
      0.16410473    -0.097396289       2.0341428
      0.16364239    -0.062096246       2.1731069
      0.16338496    -0.026640631       2.3076246
      0.16333343    0.0088820783       2.4401908
      0.16348798     0.044382395       2.5747930
      0.16384803     0.079771168       2.7141446
      0.16441223      0.11496092       2.8561600
      0.16517849      0.14986712       2.9872140
      0.16614400      0.18440933       3.0754028
      0.16730534      0.21851225       3.0862329
      0.16865843      0.25210656       3.0245105
      0.17014926     -0.14545725       1.6277481
      0.16940548     -0.11155808       1.8377664
      0.16885797    -0.077399583       2.0312309
      0.16850863    -0.043059209       2.2050721
      0.16835869   -0.0086169549       2.3672483
      0.16840868     0.025845748       2.5273139
      0.16865843     0.060247178       2.6943296
      0.16910706     0.094506481       2.8755423
      0.16975298      0.12854480       3.0710041
      0.17059396      0.16228632       3.2540876
      0.17162713      0.19565926       3.3416339
      0.17284904      0.22859663       3.2736942
      0.17555525     -0.15766106       1.2517958
      0.17473815     -0.12485803       1.5833448
      0.17411073    -0.091782748       1.8543879
      0.17367503    -0.058504924       2.0764076
      0.17343250    -0.025096915       2.2698333
      0.17338395    0.0083671999       2.4517602
      0.17352955     0.041812592       2.6369481
      0.17386881     0.075164683       2.8400277
      0.17440059      0.10835014       3.0770091
      0.17512315      0.14129781       3.3602951
      0.17603413      0.17393963       3.6406070
      0.17713063      0.20621137       3.6342866
      0.18098583     -0.16913413      0.77458593
      0.18009990     -0.13736818       1.3016199
      0.17939739     -0.10532086       1.6635325
      0.17888046    -0.073055002       1.9353721
      0.17855073    -0.040636088       2.1581042
      0.17840922   -0.0081315147       2.3571471
      0.17845640     0.024390244       2.5512034
      0.17869211     0.056860499       2.7573518
      0.17911561     0.089211211       2.9954715
      0.17972557      0.12137584       3.2945027
      0.18052009      0.15329013       3.7047341
      0.18149677      0.18489287       4.2033901
      0.11810689     0.012283430       2.2684524
      0.11308184    -0.012829302       2.2361293
      0.10813470    -0.040258488       2.2006374
      0.10327668    -0.070292567       2.1588765
     0.098520957     -0.10325841       2.1073728
     0.093883075     -0.13952408       2.0419477
     0.089381384     -0.17949992       1.9572236
     0.085037513     -0.22363662       1.8458458
     0.080876896     -0.27241795       1.6971929
     0.076929273     -0.32634551       1.4951967
     0.073229098     -0.38591144       1.2154453
     0.069815724     -0.45155489      0.83704909
      0.11832053     0.061343181       2.2549405
      0.11315626     0.038471027       2.2155655
      0.10805682     0.013425944       2.1747864
      0.10303185    -0.014080783       2.1303363
     0.098092789    -0.044382395       2.0798082
     0.093253282    -0.077862575       2.0203530
     0.088529662     -0.11496092       1.9482744
     0.083941494     -0.15617687       1.8585528
     0.079512230     -0.20207021       1.7444069
     0.075269928     -0.25325514       1.5973194
     0.071247991     -0.31038327       1.4096584
     0.067485831     -0.37410926       1.1908997
      0.11881752      0.11010928       2.2474570
      0.11352763     0.089569739       2.2020334
      0.10829029     0.067033168       2.1561809
      0.10311353     0.042220038       2.1083736
     0.098006931     0.014802772       2.0572059
     0.092982065    -0.015602795       2.0011399
     0.088052924    -0.049446828       1.9381418
     0.083236514    -0.087255199       1.8652982
     0.078553575     -0.12963826       1.7786658
     0.074029439     -0.17729630       1.6738761
     0.069695040     -0.23101738       1.5487536
     0.065588004     -0.29166058       1.4111376
      0.11959435      0.15835555       2.2441242
      0.11419305      0.14020411       2.1938298
      0.10883310      0.12025766       2.1432339
      0.10352093     0.098254589       2.0914125
     0.098264280     0.073884528       2.0378186
     0.093072559     0.046778034       1.9821185
     0.087957266     0.016494226       1.9238568
     0.082932545    -0.017493678       1.8619941
     0.078015899    -0.055814575       1.7945947
     0.073229098    -0.099216305       1.7191882
     0.068599329     -0.14858030       1.6344884
     0.064160597     -0.20492838       1.5441850
      0.12064559      0.20587022       2.2435677
      0.11514743      0.19012560       2.1898731
      0.10968067      0.17280683       2.1351677
      0.10425025      0.15367752       2.0789452
     0.098862156      0.13245460       2.0212858
     0.093523713      0.10879712       1.9628500
     0.088243928     0.082292343       1.9046671
     0.083033992     0.052438271       1.8475948
     0.077907918     0.018622049       1.7915953
     0.072883404    -0.019906000       1.7354272
     0.067982971    -0.064062249       1.6775223
     0.063235473     -0.11496092       1.6182848
      0.12196416      0.25246098       2.2448112
      0.11638365      0.23910670       2.1895233
      0.11082599      0.22441020       2.1317821
      0.10529478      0.20816584       2.0712964
     0.099794439      0.19012560       2.0084527
     0.094330353      0.16998820       1.9445108
     0.088909212      0.14738496       1.8817068
     0.083539377      0.12186141       1.8229100
     0.078231413     0.092853236       1.7705489
     0.072998817     0.059655024       1.7252043
     0.067859027     0.021380085       1.6852359
     0.062834822    -0.023089906       1.6484383
      0.12354150      0.29795886       2.2471805
      0.11789286      0.28694627       2.1923888
      0.11225996      0.27482691       2.1331532
      0.10664528      0.26142929       2.0692449
      0.10105187      0.24654558       2.0010207
     0.095483470      0.22992184       1.9297476
     0.089944717      0.21124503       1.8581411
     0.084441448      0.19012560       1.7907399
     0.078981081      0.16607398       1.7332398
     0.073573167      0.13846859       1.6899697
     0.068230182      0.10651209       1.6608691
     0.062968656     0.069171499       1.6416192
      0.12536783      0.34222068       2.2502233
      0.11966472      0.33347317       2.1981553
      0.11397167      0.32385096       2.1393084
      0.10829029      0.31321804       2.0735063
      0.10262251      0.30140915       2.0008879
     0.096970705      0.28822171       1.9221383
     0.091337852      0.27340487       1.8392795
     0.085727684      0.25664466       1.7569942
     0.080144964      0.23754348       1.6838323
     0.074595855      0.21559143       1.6307039
     0.069088457      0.19012560       1.6039345
     0.063633602      0.16027153       1.5989496
      0.12743246      0.38513018       2.2536550
      0.12168776      0.37854811       2.2064804
      0.11594884      0.37131413       2.1499642
      0.11021663      0.36332724       2.0842098
      0.10449222      0.35446464       2.0092405
     0.098776967      0.34457561       1.9249296
     0.093072559      0.33347317       1.8316089
     0.087381121      0.32092274       1.7316167
     0.081705362      0.30662612       1.6325623
     0.076048795      0.29019893       1.5515732
     0.070416043      0.27113779       1.5110374
     0.064813316      0.24877186       1.5157946
      0.12972401      0.42659793       2.2573339
      0.12394968      0.42206380       2.2169503
      0.11817814      0.41708668       2.1643816
      0.11240984      0.41159862       2.1005638
      0.10664528      0.40551705       2.0257838
      0.10088512      0.39874075       1.9393810
     0.095130154      0.39114418       1.8399881
     0.089381384      0.38256988       1.7262457
     0.083640088      0.37281765       1.5992455
     0.077907918      0.36162916       1.4707954
     0.072187050      0.34866543       1.3809591
     0.066480399      0.33347317       1.3797847
      0.13223068      0.46656014       2.2612605
      0.12643766      0.46394375       2.2289676
      0.12064559      0.46107613       2.1812323
      0.11485462      0.45791930       2.1207803
      0.10906491      0.45442728       2.0485540
      0.10327668      0.45054377       1.9638635
     0.097490195      0.44619919       1.8645515
     0.091705780      0.44130643       1.7468692
     0.085923857      0.43575504       1.6053395
     0.080144964      0.42940287       1.4345509
     0.074369807      0.42206380       1.2474527
     0.068599329      0.41348950       1.1671983
      0.13494047      0.50497673       2.2653954
      0.12913864      0.50413999       2.2408884
      0.12333690      0.50322453       2.1981493
      0.11753528      0.50221869       2.1421120
      0.11173379      0.50110840       2.0743439
      0.10593246      0.49987650       1.9944781
      0.10013130      0.49850186       1.9005487
     0.094330353      0.49695814       1.7887171
     0.088529662      0.49521213       1.6523142
     0.082729279      0.49322127       1.4796412
     0.076929273      0.49093020       1.2490905
     0.071129737      0.48826551      0.92602370
      0.12064559    -0.024051622       2.3016670
      0.12577009    -0.046155219       2.3401930
      0.13095120    -0.066519054       2.3645303
      0.13618247    -0.085325698       2.3704132
      0.14145834     -0.10273529       2.3528186
      0.14677399     -0.11888845       2.3057838
      0.15212526     -0.13390888       2.2219381
      0.15750851     -0.14790557       2.0914970
      0.16292058     -0.16097476       1.9002687
      0.16835869     -0.17320164       1.6258689
      0.17382038     -0.18466178       1.2313119
      0.17930351     -0.19542235      0.67787289
      0.11573083    -0.050162255       2.2788149
      0.12092438    -0.072043881       2.3299559
      0.12617105    -0.092114622       2.3688764
      0.13146448     -0.11057601       2.3913519
      0.13679924     -0.12760295       2.3924844
      0.14217068     -0.14334757       2.3667129
      0.14757479     -0.15794247       2.3077314
      0.15300811     -0.17150355       2.2082020
      0.15846764     -0.18413242       2.0592171
      0.16395076     -0.19591835       1.8500334
      0.16945517     -0.20694005       1.5717351
      0.17497887     -0.21726707       1.2466552
      0.11090192    -0.078567520       2.2521931
      0.11616645     -0.10007333       2.3175350
      0.12148004     -0.11970623       2.3732107
      0.12683652     -0.13768733       2.4149284
      0.13223068     -0.15420639       2.4377065
      0.13765808     -0.16942676       2.4360117
      0.14311496     -0.18348949       2.4040248
      0.14859805     -0.19651685       2.3359959
      0.15410457     -0.20861514       2.2266987
      0.15963208     -0.21987715       2.0725008
      0.16517849     -0.23038409       1.8753084
      0.17074194     -0.24020735       1.6559114
      0.10617060     -0.10953135       2.2180058
      0.11150753     -0.13047058       2.2986846
      0.11688889     -0.14948952       2.3729573
      0.12230879     -0.16682869       2.4364366
      0.12776234     -0.18269205       2.4839259
      0.13324541     -0.19725326       2.5095032
      0.13875449     -0.21066087       2.5069586
      0.14428661     -0.22304243       2.4706569
      0.14983921     -0.23450800       2.3967104
      0.15541010     -0.24515288       2.2844285
      0.16099738     -0.25505998       2.1387226
      0.16659940     -0.26430167       1.9751680
      0.10155049     -0.14334757       2.1720433
      0.10696057     -0.16348497       2.2687830
      0.11240984     -0.18167678       2.3630906
      0.11789286     -0.19818148       2.4505820
      0.12340514     -0.21321551       2.5259676
      0.12894292     -0.22696108       2.5827970
      0.13450306     -0.23957243       2.6137050
      0.14008289     -0.25118083       2.6115397
      0.14568015     -0.26189855       2.5713516
      0.15129291     -0.27182213       2.4925853
      0.15691950     -0.28103490       2.3807638
      0.16255848     -0.28960920       2.2488152
     0.097057480     -0.18034032       2.1094417
      0.10254044     -0.19938764       2.2227578
      0.10805682     -0.21649590       2.3381227
      0.11360176     -0.23193820       2.4513224
      0.11917125     -0.24594018       2.5574465
      0.12476203     -0.25868958       2.6499942
      0.13037134     -0.27034364       2.7203332
      0.13599690     -0.28103490       2.7583851
      0.14163676     -0.29087578       2.7553298
      0.14728929     -0.29996216       2.7076929
      0.15295308     -0.30837626       2.6202375
      0.15862693     -0.31618896       2.5057123
     0.092710055     -0.22086238       2.0242936
     0.098264280     -0.23846921       2.1550373
      0.10384570     -0.25418785       2.2923316
      0.10945016     -0.26829992       2.4321589
      0.11507430     -0.28103490       2.5707065
      0.12071535     -0.29258139       2.7026950
      0.12637106     -0.30309566       2.8195023
      0.13203954     -0.31270816       2.9080214
      0.13771922     -0.32152856       2.9525215
      0.14340877     -0.32964968       2.9414133
      0.14910705     -0.33715055       2.8753636
      0.15481310     -0.34409885       2.7686235
     0.088529662     -0.26529029       1.9089276
     0.094151697     -0.28103490       2.0594195
     0.099794439     -0.29500214       2.2201920
      0.10545456     -0.30747226       2.3869974
      0.11112941     -0.31867040       2.5577676
      0.11681685     -0.32877930       2.7301785
      0.12251511     -0.33794873       2.8985846
      0.12822275     -0.34630247       3.0500170
      0.13393858     -0.35394373       3.1612932
      0.13966159     -0.36095912       3.2045529
      0.14539093     -0.36742190       3.1660380
      0.15112589     -0.37339442       3.0602123
     0.084541084     -0.31401438       1.7525448
     0.090225065     -0.32739588       1.9287655
     0.095923286     -0.33918945       2.1169178
      0.10163335     -0.34965915       2.3114382
      0.10735337     -0.35901409       2.5124058
      0.11308184     -0.36742190       2.7218353
      0.11881752     -0.37501847       2.9404138
      0.12455944     -0.38191504       3.1622199
      0.13030675     -0.38820352       3.3649373
      0.13605878     -0.39396051       3.5006404
      0.14181496     -0.39925032       3.5158104
      0.14757479     -0.40412734       3.4087187
     0.080772740     -0.36742190       1.5386949
     0.086509708     -0.37785557       1.7547950
     0.092254922     -0.38699060       1.9793166
     0.098006931     -0.39505398       2.2042197
      0.10376461     -0.40222294       2.4326654
      0.10952705     -0.40863786       2.6716952
      0.11529356     -0.41441129       2.9296074
      0.12106354     -0.41963456       3.2131093
      0.12683652     -0.42438247       3.5181410
      0.13261211     -0.42871690       3.8021773
      0.13838999     -0.43268948       3.9473971
      0.14416987     -0.43634358       3.8562814
     0.077256866     -0.42587049       1.2411566
     0.083033992     -0.43268948       1.5301873
     0.088814477     -0.43862109       1.8083453
     0.094597705     -0.44382761       2.0690124
      0.10038320     -0.44843409       2.3226710
      0.10617060     -0.45253846       2.5823311
      0.11195959     -0.45621843       2.8624808
      0.11774996     -0.45953653       3.1803048
      0.12354150     -0.46254355       3.5556950
      0.12933406     -0.46528124       3.9992590
      0.13512750     -0.46778420       4.4280395
      0.14092172     -0.47008135       4.4742934
     0.074029439     -0.48965004      0.82855209
     0.079829224     -0.49211735       1.2654154
     0.085629428     -0.49425041       1.6176584
     0.091429973     -0.49611283       1.9177380
     0.097230797     -0.49775303       2.1934248
      0.10303185     -0.49920853       2.4651134
      0.10883310     -0.50050887       2.7510624
      0.11463452     -0.50167759       3.0718547
      0.12043608     -0.50273372       3.4556054
      0.12623776     -0.50369278       3.9461527
      0.13203954     -0.50456755       4.6137259
      0.13784142     -0.50536868       5.3558185
      0.12064559      -1.0231459       2.7628414
      0.11573083     -0.99703530       2.7435609
      0.11090192     -0.96863003       2.7205323
      0.10617060     -0.93766620       2.6883590
      0.10155049     -0.90384998       2.6412752
     0.097057480     -0.86685723       2.5728341
     0.092710055     -0.82633517       2.4754004
     0.088529662     -0.78190727       2.3392338
     0.084541084     -0.73318317       2.1507812
     0.080772740     -0.67977565       1.8894878
     0.077256866     -0.62132707       1.5221326
     0.074029439     -0.55754751       1.0008925
      0.12577009      -1.0010423       2.8068518
      0.12092438     -0.97515367       2.7928670
      0.11616645     -0.94712422       2.7777585
      0.11150753     -0.91672697       2.7560708
      0.10696057     -0.88371258       2.7220272
      0.10254044     -0.84780991       2.6693775
     0.098264280     -0.80872834       2.5912230
     0.094151697     -0.76616265       2.4797185
     0.090225065     -0.71980168       2.3255620
     0.086509708     -0.66934198       2.1175325
     0.083033992     -0.61450807       1.8442868
     0.079829224     -0.55508020       1.5117398
      0.13095120     -0.98067850       2.8416370
      0.12617105     -0.95508293       2.8355314
      0.12148004     -0.92749132       2.8310442
      0.11688889     -0.89770804       2.8227760
      0.11240984     -0.86552078       2.8049607
      0.10805682     -0.83070165       2.7713908
      0.10384570     -0.79300970       2.7155117
     0.099794439     -0.75219541       2.6306766
     0.095923286     -0.70800810       2.5105444
     0.092254922     -0.66020695       2.3499220
     0.088814477     -0.60857646       2.1476185
     0.085629428     -0.55294714       1.9163753
      0.13618247     -0.96187185       2.8619693
      0.13146448     -0.93662154       2.8663674
      0.12683652     -0.90951022       2.8751605
      0.12230879     -0.88036886       2.8831777
      0.11789286     -0.84901607       2.8847773
      0.11360176     -0.81525936       2.8736751
      0.10945016     -0.77889763       2.8431072
      0.10545456     -0.73972529       2.7864578
      0.10163335     -0.69753840       2.6983282
     0.098006931     -0.65214357       2.5759706
     0.094597705     -0.60336994       2.4214741
     0.091429973     -0.55108472       2.2461208
      0.14145834     -0.94446226       2.8623673
      0.13679924     -0.91959460       2.8799843
      0.13223068     -0.89299116       2.9046590
      0.12776234     -0.86450551       2.9316658
      0.12340514     -0.83398204       2.9557969
      0.11917125     -0.80125737       2.9708596
      0.11507430     -0.76616265       2.9695590
      0.11112941     -0.72852715       2.9441586
      0.10735337     -0.68818346       2.8881250
      0.10376461     -0.64497461       2.7983875
      0.10038320     -0.59876346       2.6774472
     0.097230797     -0.54944452       2.5350804
      0.14677399     -0.92830910       2.8369181
      0.14217068     -0.90384998       2.8707567
      0.13765808     -0.87777079       2.9139552
      0.13324541     -0.84994429       2.9623749
      0.12894292     -0.82023647       3.0117486
      0.12476203     -0.78850797       3.0566327
      0.12071535     -0.75461616       3.0895582
      0.11681685     -0.71841825       3.1010264
      0.11308184     -0.67977565       3.0812588
      0.10952705     -0.63855970       3.0238585
      0.10617060     -0.59465910       2.9295596
      0.10303185     -0.54798902       2.8074939
      0.15212526     -0.91328867       2.7788375
      0.14757479     -0.88925508       2.8326825
      0.14311496     -0.86370806       2.8974815
      0.13875449     -0.83653668       2.9695034
      0.13450306     -0.80762512       3.0459741
      0.13037134     -0.77685391       3.1233412
      0.12637106     -0.74410189       3.1954080
      0.12251511     -0.70924883       3.2517204
      0.11881752     -0.67217908       3.2777933
      0.11529356     -0.63278626       3.2596545
      0.11195959     -0.59097912       3.1920263
      0.10883310     -0.54668868       3.0831289
      0.15750851     -0.89929199       2.6795309
      0.15300811     -0.87569400       2.7590151
      0.14859805     -0.85068070       2.8498667
      0.14428661     -0.82415512       2.9479286
      0.14008289     -0.79601672       3.0522988
      0.13599690     -0.76616265       3.1625962
      0.13203954     -0.73448939       3.2762865
      0.12822275     -0.70089508       3.3852527
      0.12455944     -0.66528251       3.4720470
      0.12106354     -0.62756299       3.5106876
      0.11774996     -0.58766102       3.4799453
      0.11463452     -0.54551996       3.3819933
      0.16292058     -0.88622279       2.5267180
      0.15846764     -0.86306513       2.6415857
      0.15410457     -0.83858241       2.7661587
      0.14983921     -0.81268955       2.8940438
      0.14568015     -0.78529900       3.0265212
      0.14163676     -0.75632177       3.1673798
      0.13771922     -0.72566899       3.3199139
      0.13393858     -0.69325382       3.4832966
      0.13030675     -0.65899403       3.6453423
      0.12683652     -0.62281508       3.7716118
      0.12354150     -0.58465400       3.8084890
      0.12043608     -0.54446383       3.7290740
      0.16835869     -0.87399591       2.3007105
      0.16395076     -0.85127920       2.4701316
      0.15963208     -0.82732041       2.6425669
      0.15541010     -0.80204467       2.8068761
      0.15129291     -0.77537543       2.9680637
      0.14728929     -0.74723539       3.1350919
      0.14340877     -0.71754787       3.3177207
      0.13966159     -0.68623843       3.5250292
      0.13605878     -0.65323704       3.7607236
      0.13261211     -0.61848065       4.0059899
      0.12933406     -0.58191631       4.1804642
      0.12623776     -0.54350478       4.1603228
      0.17382038     -0.86253578       1.9668211
      0.16945517     -0.84025751       2.2345741
      0.16517849     -0.81681346       2.4798731
      0.16099738     -0.79213757       2.6902403
      0.15691950     -0.76616265       2.8813878
      0.15295308     -0.73882129       3.0696956
      0.14910705     -0.71004701       3.2707081
      0.14539093     -0.67977565       3.5009593
      0.14181496     -0.64794723       3.7796142
      0.13838999     -0.61450807       4.1252624
      0.13512750     -0.57941335       4.5186020
      0.13203954     -0.54263000       4.7233715
      0.17930351     -0.85177521       1.4676762
      0.17497887     -0.82993048       1.9522446
      0.17074194     -0.80699020       2.2964234
      0.16659940     -0.78289588       2.5577183
      0.16255848     -0.75758835       2.7774345
      0.15862693     -0.73100859       2.9816657
      0.15481310     -0.70309870       3.1903351
      0.15112589     -0.67380313       3.4226744
      0.14757479     -0.64307021       3.7020455
      0.14416987     -0.61085397       4.0625066
      0.14092172     -0.57711621       4.5598277
      0.13784142     -0.54182887       5.2626757
      0.11810689      -1.0594810       2.7249155
      0.11832053      -1.1085407       2.6952912
      0.11881752      -1.1573068       2.6592482
      0.11959435      -1.2055531       2.6113110
      0.12064559      -1.2530678       2.5454222
      0.12196416      -1.2996585       2.4544713
      0.12354150      -1.3451564       2.3295282
      0.12536783      -1.3894182       2.1584943
      0.12743246      -1.4323277       1.9236267
      0.12972401      -1.4737955       1.5968662
      0.13223068      -1.5137577       1.1317135
      0.13494047      -1.5521743      0.48762323
      0.11308184      -1.0343682       2.7040635
      0.11315626      -1.0856686       2.6765454
      0.11352763      -1.1367673       2.6453308
      0.11419305      -1.1874017       2.6054465
      0.11514743      -1.2373232       2.5516264
      0.11638365      -1.2863043       2.4779629
      0.11789286      -1.3341438       2.3774425
      0.11966472      -1.3806707       2.2413108
      0.12168776      -1.4257457       2.0583035
      0.12394968      -1.4692613       1.8144583
      0.12643766      -1.5111413       1.4983438
      0.12913864      -1.5513375       1.1417966
      0.10813470      -1.0069391       2.6795666
      0.10805682      -1.0606235       2.6566050
      0.10829029      -1.1142307       2.6322586
      0.10883310      -1.1674552       2.6019670
      0.10968067      -1.2200044       2.5611496
      0.11082599      -1.2716078       2.5049477
      0.11225996      -1.3220245       2.4279913
      0.11397167      -1.3710485       2.3242532
      0.11594884      -1.4185117       2.1872152
      0.11817814      -1.4642842       2.0111672
      0.12064559      -1.5082737       1.7964582
      0.12333690      -1.5504221       1.5665658
      0.10327668     -0.97690498       2.6462985
      0.10303185      -1.0331168       2.6306852
      0.10311353      -1.0894176       2.6154821
      0.10352093      -1.1454521       2.5964471
      0.10425025      -1.2008751       2.5695545
      0.10529478      -1.2553634       2.5307401
      0.10664528      -1.3086268       2.4757546
      0.10829029      -1.3604156       2.4002367
      0.11021663      -1.4105248       2.3001889
      0.11240984      -1.4587962       2.1732883
      0.11485462      -1.5051169       2.0220751
      0.11753528      -1.5494162       1.8607080
     0.098520957     -0.94393914       2.5988396
     0.098092789      -1.0028152       2.5939689
     0.098006931      -1.0620003       2.5906697
     0.098264280      -1.1210821       2.5849351
     0.098862156      -1.1796521       2.5732333
     0.099794439      -1.2373232       2.5521298
      0.10105187      -1.2937431       2.5180679
      0.10262251      -1.3486067       2.4674672
      0.10449222      -1.4016622       2.3972962
      0.10664528      -1.4527146       2.3062421
      0.10906491      -1.5016248       2.1966265
      0.11173379      -1.5483060       2.0772267
     0.093883075     -0.90767348       2.5311201
     0.093253282     -0.96933498       2.5413277
     0.092982065      -1.0315948       2.5534656
     0.093072559      -1.0939756       2.5636609
     0.093523713      -1.1559947       2.5689328
     0.094330353      -1.2171858       2.5665264
     0.095483470      -1.2771194       2.5534239
     0.096970705      -1.3354193       2.5262468
     0.098776967      -1.3917732       2.4818363
      0.10088512      -1.4459383       2.4185754
      0.10327668      -1.4977413       2.3380124
      0.10593246      -1.5470741       2.2461978
     0.089381384     -0.86769763       2.4358737
     0.088529662     -0.93223663       2.4669835
     0.088052924     -0.99775072       2.4992829
     0.087957266      -1.0636918       2.5288390
     0.088243928      -1.1294899       2.5534122
     0.088909212      -1.1945825       2.5712715
     0.089944717      -1.2584426       2.5802299
     0.091337852      -1.3206024       2.5770112
     0.093072559      -1.3806707       2.5574813
     0.095130154      -1.4383417       2.5183766
     0.097490195      -1.4933967       2.4598573
      0.10013130      -1.5456994       2.3868111
     0.085037513     -0.82356093       2.3037329
     0.083941494     -0.89102068       2.3640916
     0.083236514     -0.95994235       2.4231891
     0.082932545      -1.0297039       2.4766678
     0.083033992      -1.0996358       2.5233851
     0.083539377      -1.1690590       2.5632832
     0.084441448      -1.2373232       2.5958578
     0.085727684      -1.3038422       2.6187316
     0.087381121      -1.3681203       2.6266276
     0.089381384      -1.4297674       2.6126832
     0.091705780      -1.4885040       2.5734907
     0.094330353      -1.5441557       2.5132678
     0.080876896     -0.77477960       2.1216796
     0.079512230     -0.84512734       2.2243038
     0.078553575     -0.91755929       2.3200293
     0.078015899     -0.99138298       2.4036562
     0.077907918      -1.0658196       2.4759072
     0.078231413      -1.1400508       2.5393345
     0.078981081      -1.2132715       2.5963217
     0.080144964      -1.2847410       2.6472952
     0.081705362      -1.3538237       2.6878824
     0.083640088      -1.4200152       2.7064042
     0.085923857      -1.4829526       2.6897269
     0.088529662      -1.5424097       2.6384164
     0.076929273     -0.72085204       1.8704455
     0.075269928     -0.79394241       2.0377913
     0.074029439     -0.86990125       2.1852565
     0.073229098     -0.94798125       2.3075125
     0.072883404      -1.0272916       2.4092936
     0.072998817      -1.1068526       2.4971836
     0.073573167      -1.1856661       2.5774774
     0.074595855      -1.2627890       2.6552656
     0.076048795      -1.3373965       2.7318678
     0.077907918      -1.4088267       2.7968512
     0.080144964      -1.4766004       2.8191693
     0.082729279      -1.5404188       2.7771019
     0.073229098     -0.66128611       1.5213055
     0.071247991     -0.73681429       1.7962975
     0.069695040     -0.81618017       2.0179453
     0.068599329     -0.89861725       2.1891328
     0.067982971     -0.98313530       2.3245366
     0.067859027      -1.0685776       2.4371801
     0.068230182      -1.1537096       2.5378423
     0.069088457      -1.2373232       2.6361948
     0.070416043      -1.3183353       2.7414093
     0.072187050      -1.3958630       2.8584863
     0.074369807      -1.4692613       2.9614154
     0.076929273      -1.5381277       2.9511423
     0.069815724     -0.59564266       1.0502454
     0.067485831     -0.67308829       1.5118659
     0.065588004     -0.75553697       1.8298992
     0.064160597     -0.84226918       2.0566529
     0.063235473     -0.93223663       2.2272026
     0.062834822      -1.0241076       2.3634943
     0.062968656      -1.1163691       2.4807628
     0.063633602      -1.2074691       2.5914890
     0.064813316      -1.2959694       2.7083880
     0.066480399      -1.3806707       2.8476353
     0.068599329      -1.4606871       3.0316543
     0.071129737      -1.5354631       3.1973324
      0.12313197      -1.0589797       2.7601197
      0.12815708      -1.0358774       2.8054832
      0.13324541      -1.0145290       2.8416158
      0.13838999     -0.99475928       2.8632778
      0.14358476     -0.97641334       2.8650084
      0.14882449     -0.95935382       2.8409896
      0.15410457     -0.94345895       2.7846957
      0.15942100     -0.92862067       2.6881580
      0.16477026     -0.91474295       2.5406659
      0.17014926     -0.90174030       2.3271355
      0.17555525     -0.88953649       2.0310388
      0.18098583     -0.87806342       1.7064753
      0.12333690      -1.1060428       2.7333513
      0.12822275      -1.0811463       2.7867462
      0.13318222      -1.0580905       2.8335125
      0.13820737      -1.0367007       2.8683956
      0.14329131      -1.0168200       2.8859896
      0.14842800     -0.99830855       2.8807800
      0.15361213     -0.98104093       2.8471642
      0.15883907     -0.96490521       2.7794012
      0.16410473     -0.94980126       2.6716103
      0.16940548     -0.93563947       2.5187669
      0.17473815     -0.92233952       2.3230318
      0.18009990     -0.90982937       2.1211590
      0.12381377      -1.1528466       2.6999663
      0.12855060      -1.1262765       2.7641197
      0.13337171      -1.1016108       2.8244061
      0.13826827      -1.0786790       2.8754587
      0.14323255      -1.0573262       2.9117224
      0.14825775      -1.0374123       2.9275828
      0.15333787      -1.0188109       2.9176785
      0.15846764      -1.0014081       2.8773773
      0.16364239     -0.98510130       2.8034405
      0.16885797     -0.96979797       2.6953547
      0.17411073     -0.95541480       2.5590569
      0.17939739     -0.94187669       2.4161939
      0.12455944      -1.1991907       2.6542172
      0.12913864      -1.1710863       2.7319036
      0.13381282      -1.1449258       2.8087324
      0.13857236      -1.1205467       2.8792291
      0.14340877      -1.0977991       2.9376112
      0.14831452      -1.0765459       2.9777968
      0.15328296      -1.0566620       2.9938225
      0.15830819      -1.0380335       2.9807480
      0.16338496      -1.0205569       2.9358867
      0.16850863      -1.0041383       2.8601641
      0.17367503     -0.98869263       2.7598819
      0.17888046     -0.97414255       2.6495296
      0.12556912      -1.2448866       2.5897459
      0.12998333      -1.2154020       2.6839062
      0.13450306      -1.1878763       2.7804013
      0.13911804      -1.1621585       2.8737799
      0.14381909      -1.1381068       2.9582528
      0.14859805      -1.1155899       3.0272571
      0.15344764      -1.0944861       3.0735789
      0.15836136      -1.0746835       3.0904567
      0.16333343      -1.0560796       3.0736367
      0.16835869      -1.0385806       3.0235114
      0.17343250      -1.0221006       2.9462697
      0.17855073      -1.0065615       2.8539295
      0.12683652      -1.2897614       2.4992014
      0.13107971      -1.2590610       2.6133109
      0.13543864      -1.2303109       2.7327940
      0.13990249      -1.2033744       2.8523889
      0.14446154      -1.1781207       2.9669053
      0.14910705      -1.1544263       3.0699901
      0.15383119      -1.1321752       3.1532980
      0.15862693      -1.1112598       3.2069825
      0.16348798      -1.0915799       3.2224796
      0.16840868      -1.0730433       3.1968916
      0.17338395      -1.0555648       3.1357286
      0.17840922      -1.0390660       3.0516134
      0.12835399      -1.3336620       2.3735984
      0.13242153      -1.3019156       2.5125384
      0.13661451      -1.2720893       2.6590118
      0.14092172      -1.2440625       2.8079225
      0.14533302      -1.2177175       2.9555588
      0.14983921      -1.1929408       3.0973283
      0.15443199      -1.1696241       3.2254410
      0.15910385      -1.1476653       3.3272496
      0.16384803      -1.1269687       3.3867911
      0.16865843      -1.1074447       3.3922561
      0.17352955      -1.0890101       3.3452583
      0.17845640      -1.0715878       3.2613747
      0.13011279      -1.3764565       2.2011573
      0.13400142      -1.3438352       2.3730342
      0.13802452      -1.3130845       2.5523811
      0.14217068      -1.2841012       2.7338435
      0.14642945      -1.2567819       2.9161092
      0.15079129      -1.2310249       3.0983569
      0.15524751      -1.2067311       3.2767767
      0.15979021      -1.1838057       3.4399841
      0.16441223      -1.1621585       3.5647605
      0.16910706      -1.1417040       3.6210408
      0.17386881      -1.1223622       3.5945082
      0.17869211      -1.1040581       3.5034137
      0.13210329      -1.4180357       1.9652543
      0.13581107      -1.3847081       2.1851048
      0.13966159      -1.3531848       2.4073043
      0.14364338      -1.3233808       2.6257585
      0.14774583      -1.2952081       2.8427278
      0.15195916      -1.2685774       3.0628618
      0.15627440      -1.2434005       3.2897651
      0.16068334      -1.2195907       3.5209839
      0.16517849      -1.1970647       3.7370411
      0.16975298      -1.1757423       3.8870479
      0.17440059      -1.1555477       3.9087146
      0.17911561      -1.1364088       3.8046606
      0.13431517      -1.4583133       1.6413022
      0.13784142      -1.4244417       1.9390015
      0.14151784      -1.3922947       2.2211892
      0.14533302      -1.3618053       2.4834222
      0.14927633      -1.3329010       2.7346373
      0.15333787      -1.3055060       2.9863040
      0.15750851      -1.2795432       3.2503208
      0.16177981      -1.2549354       3.5376451
      0.16614400      -1.2316069       3.8511565
      0.17059396      -1.2094839       4.1555860
      0.17512315      -1.1884954       4.3152363
      0.17972557      -1.1685734       4.2077051
      0.13673769      -1.4972251       1.1969538
      0.14008289      -1.4629631       1.6333697
      0.14358476      -1.4303355       2.0001061
      0.14723213      -1.3992928       2.3137452
      0.15101444      -1.3697778       2.5981872
      0.15492181      -1.3417281       2.8735095
      0.15894503      -1.3150784       3.1581590
      0.16307552      -1.2897614       3.4722294
      0.16730534      -1.2657098       3.8404051
      0.17162713      -1.2428568       4.2883542
      0.17603413      -1.2211372       4.7670070
      0.18052009      -1.2004877       4.7903731
      0.13935988      -1.5347276      0.68242456
      0.14252552      -1.5002178       1.3169914
      0.14585341      -1.4672450       1.7736725
      0.14933271      -1.4357757       2.1358400
      0.15295308      -1.4057676       2.4479619
      0.15670476      -1.3771716       2.7382389
      0.16057853      -1.3499339       3.0286224
      0.16456577      -1.3239976       3.3408524
      0.16865843      -1.2993041       3.7022473
      0.17284904      -1.2757942       4.1546423
      0.17713063      -1.2534089       4.7734261
      0.18149677      -1.2320904       5.7185092
