    0.0029014425      0.52359878    0.0011759593
    0.0076764953       1.2373232   -0.0074252771
     0.013296080       1.3806707  -3.7493039e-05
     0.019026031       1.4383417    0.0019361431
     0.024789936       1.4692613   -0.0065448057
     0.030568593       1.4885040   -0.0016263381
     0.036354970       1.5016248    0.0011675756
     0.042145887       1.5111413    0.0074295298
     0.047939698       1.5183581    0.0041177914
     0.053735467       1.5240183  -0.00091860639
     0.059532623       1.5285763   0.00070235184
     0.065330796       1.5323253   -0.0058839620
    0.0076764953     -0.19012560   -0.0071764079
    0.0087043275      0.52359878  -0.00084419730
     0.012647095      0.93223663    0.0042051595
     0.017648786       1.1294899    0.0017406417
     0.023029486       1.2373232    0.0024137277
     0.028575895       1.3038422    0.0034695333
     0.034207502       1.3486067   -0.0023124795
     0.039888240       1.3806707   0.00044441651
     0.045599748       1.4047223    0.0021671541
     0.051331758       1.4234114   0.00083827133
     0.057078092       1.4383417  -0.00057534774
     0.062834822       1.4505387    0.0042617555
     0.013296080     -0.33347317   -0.0022242580
     0.012647095      0.11496092    0.0052005861
     0.014507212      0.52359878   3.3028539e-05
     0.018119503      0.80463368   -0.0033788240
     0.022660990      0.98313530   -0.0013207495
     0.027677997       1.0996358   0.00078292617
     0.032954052       1.1796521  -0.00024994367
     0.038382476       1.2373232  -0.00084195981
     0.043906792       1.2805974   1.8607474e-05
     0.049494901       1.3141517   0.00027084631
     0.055127407       1.3408745   -0.0022692554
     0.060791971       1.3626305   6.5214882e-05
     0.019026031     -0.39114418   -0.0015553334
     0.017648786    -0.082292343   -0.0049039639
     0.018119503      0.24256387   -0.0018158520
     0.020310097      0.52359878  -0.00068042623
     0.023749330      0.73681429  -0.00030474693
     0.027980498      0.89102068   -0.0019733792
     0.032697596       1.0028152   0.00051655222
     0.037718752       1.0856686    0.0043000837
     0.042937428       1.1487325  -0.00022189550
     0.048289627       1.1979787    0.0013178590
     0.053735467       1.2373232   -0.0012224721
     0.059249132       1.2693872  -8.8449749e-05
     0.024789936     -0.42206380   0.00018451071
     0.023029486     -0.19012560   0.00092660600
     0.022660990     0.064062249  -5.2186664e-05
     0.023749330      0.31038327    0.0013279035
     0.026112982      0.52359878   -0.0017614110
     0.029446425      0.69510233    0.0014070122
     0.033461067      0.82868530    0.0014702424
     0.037941284      0.93223663    0.0019284605
     0.042740917       1.0132488   -0.0021071447
     0.047763772       1.0775751    0.0036119326
     0.052946357       1.1294899    0.0079460542
     0.058246052       1.1720556  -0.00070564484
     0.030568593     -0.44130643    0.0033375941
     0.028575895     -0.25664466    0.0033675492
     0.027677997    -0.052438271    0.0044751006
     0.027980498      0.15617687    0.0022228965
     0.029446425      0.35209522   -0.0013393543
     0.031915867      0.52359878    0.0038870961
     0.035178121      0.66694634  -0.00045772589
     0.039034916      0.78401695  -0.00060206342
     0.043327776      0.87899313    0.0010877207
     0.047939698      0.95628825  -0.00022239589
     0.052787119       1.0197116   0.00010430680
     0.057810832       1.0722945    0.0042309356
     0.036354970     -0.45442728    0.0034645726
     0.034207502     -0.30140915   -0.0015180242
     0.032954052     -0.13245460   -0.0010464440
     0.032697596     0.044382395   -0.0024503189
     0.033461067      0.21851225   3.2372833e-05
     0.035178121      0.38025121    0.0019132374
     0.037718752      0.52359878   -0.0012172989
     0.040929883      0.64669121    0.0029208846
     0.044667139      0.75055985  -0.00090812589
     0.048809818      0.83761316   -0.0067331155
     0.053263404      0.91058938   -0.0016079205
     0.057956268      0.97203287   0.00057137238
     0.042145887     -0.46394375   7.7909888e-05
     0.039888240     -0.33347317    0.0024658027
     0.038382476     -0.19012560    0.0029301508
     0.037718752    -0.038471027    0.0052295312
     0.037941284      0.11496092  -0.00031836398
     0.039034916      0.26318061    0.0053457019
     0.040929883      0.40050634   -0.0042174718
     0.043521637      0.52359878    0.0015040840
     0.046694298      0.63143204    0.0021610501
     0.050338146      0.72461735   0.00021490911
     0.054358508      0.80463368  -0.00036706385
     0.058678043      0.87325792   -0.0010209733
     0.047939698     -0.47116050   0.00099543257
     0.045599748     -0.35752479   -0.0010566613
     0.043906792     -0.23339984   -0.0011696246
     0.042937428     -0.10153498    0.0026755806
     0.042740917     0.033948732   -0.0032230538
     0.043327776      0.16820442   0.00043465085
     0.044667139      0.29663770  -0.00097939766
     0.046694298      0.41576552  -0.00035524235
     0.049324522      0.52359878   -0.0043222920
     0.052467195      0.61952847   -0.0016795057
     0.056036162      0.70393909    0.0012883440
     0.059955345      0.77778663   -0.0044671551
     0.053735467     -0.47682074    0.0063507038
     0.051331758     -0.37621381   -0.0055414318
     0.049494901     -0.26695412    0.0018948169
     0.048289627     -0.15078113    0.0044082947
     0.047763772    -0.030377509    0.0024097505
     0.047939698     0.090909298   -0.0017360656
     0.048809818      0.20958439    0.0037806850
     0.050338146      0.32258020   0.00068755322
     0.052467195      0.42766908    0.0023866558
     0.055127407      0.52359878   -0.0039487013
     0.058246052      0.60998578  -2.1829885e-06
     0.061753712      0.68708375    0.0016183734
     0.059532623     -0.48137874    0.0034145072
     0.057078092     -0.39114418   -0.0063070294
     0.055127407     -0.29367693   0.00089482559
     0.053735467     -0.19012560   -0.0021198095
     0.052946357    -0.082292343    0.0025356573
     0.052787119     0.027485946   -0.0022005098
     0.053263404      0.13660817    0.0028094180
     0.054358508      0.24256387  -0.00059563966
     0.056036162      0.34325846  -0.00014748229
     0.058246052      0.43721177  -0.00084337627
     0.060930292      0.52359878   -0.0048000905
     0.064029255      0.60216630    0.0038816669
     0.065330796     -0.48512775   0.00034870286
     0.062834822     -0.40334111    0.0047875893
     0.060791971     -0.31543293   -0.0017791119
     0.059249132     -0.22218963    0.0047102778
     0.058246052     -0.12485803  -0.00011967955
     0.057810832    -0.025096915    0.0029614415
     0.057956268     0.075164683    0.0033887109
     0.058678043      0.17393963   -0.0017297811
     0.059955345      0.26941092  -0.00097404473
     0.061753712      0.36011380    0.0036243285
     0.064029255      0.44503126  -2.9682719e-06
     0.066733177      0.52359878    0.0061712637
    0.0029014425       2.6179939  -4.9702577e-05
    0.0076764953      -2.9514671  -0.00056492287
     0.013296080      -2.8081195   -0.0017049811
     0.019026031      -2.7504485    0.0022242503
     0.024789936      -2.7195289    0.0069948266
     0.030568593      -2.7002862   -0.0016842397
     0.036354970      -2.6871654    0.0080067141
     0.042145887      -2.6776489   -0.0038874264
     0.047939698      -2.6704321    0.0058673224
     0.053735467      -2.6647719    0.0041072662
     0.059532623      -2.6602139    0.0035536098
     0.065330796      -2.6564649    0.0041911633
    0.0076764953       1.9042695    0.0037501456
    0.0087043275       2.6179939  -0.00098059495
     0.012647095       3.0266317   -0.0013158720
     0.017648786      -3.0593003    0.0041663656
     0.023029486      -2.9514671    0.0012189061
     0.028575895      -2.8849480   0.00095170558
     0.034207502      -2.8401835   0.00065078765
     0.039888240      -2.8081195   0.00054600247
     0.045599748      -2.7840679   -0.0031297511
     0.051331758      -2.7653788  -0.00088750021
     0.057078092      -2.7504485  -3.2891926e-05
     0.062834822      -2.7382515   -0.0029443782
     0.013296080       1.7609219   -0.0027204983
     0.012647095       2.2093560    0.0012529269
     0.014507212       2.6179939   -0.0034015114
     0.018119503       2.8990288   -0.0033399653
     0.022660990       3.0775304   -0.0033182664
     0.027677997      -3.0891544   -0.0056664821
     0.032954052      -3.0091381   -0.0029181563
     0.038382476      -2.9514671    0.0026149329
     0.043906792      -2.9081928   -0.0010671547
     0.049494901      -2.8746385   -0.0018811615
     0.055127407      -2.8479157    0.0064872620
     0.060791971      -2.8261597  -0.00087742894
     0.019026031       1.7032509    0.0036857702
     0.017648786       2.0121028   0.00075392497
     0.018119503       2.3369590    0.0051684877
     0.020310097       2.6179939   -0.0045191803
     0.023749330       2.8312094    0.0036025152
     0.027980498       2.9854158   -0.0040199358
     0.032697596       3.0972103   -0.0010761100
     0.037718752      -3.1031216    0.0014823994
     0.042937428      -3.0400577    0.0021408172
     0.048289627      -2.9908115    0.0010670482
     0.053735467      -2.9514671    0.0042015692
     0.059249132      -2.9194030   -0.0032127763
     0.024789936       1.6723313    0.0022171843
     0.023029486       1.9042695    0.0021162655
     0.022660990       2.1584574    0.0040463191
     0.023749330       2.4047784  -3.4580453e-05
     0.026112982       2.6179939   -0.0038588200
     0.029446425       2.7894974   -0.0030497362
     0.033461067       2.9230804    0.0022341786
     0.037941284       3.0266317   3.4223489e-06
     0.042740917       3.1076439    0.0064425030
     0.047763772      -3.1112151    0.0014161019
     0.052946357      -3.0593003   -0.0061730415
     0.058246052      -3.0167346   -0.0024876007
     0.030568593       1.6530887   -0.0047097700
     0.028575895       1.8377504   -0.0024285586
     0.027677997       2.0419568    0.0037551107
     0.027980498       2.2505720  -0.00038101312
     0.029446425       2.4464903    0.0020889175
     0.031915867       2.6179939    0.0017108863
     0.035178121       2.7613414  -0.00036135244
     0.039034916       2.8784120    0.0033478380
     0.043327776       2.9733882  -0.00081247690
     0.047939698       3.0506834   -0.0051998517
     0.052787119       3.1141067   -0.0029559413
     0.057810832      -3.1164957   -0.0066974328
     0.036354970       1.6399678    0.0033240983
     0.034207502       1.7929860   -0.0020969731
     0.032954052       1.9619405    0.0046724624
     0.032697596       2.1387775   -0.0043297663
     0.033461067       2.3129074    0.0023143397
     0.035178121       2.4746463   -0.0036242421
     0.037718752       2.6179939   0.00053492406
     0.040929883       2.7410863   -0.0038785552
     0.044667139       2.8449550  -0.00041830150
     0.048809818       2.9320083   -0.0021046055
     0.053263404       3.0049845   -0.0022573147
     0.057956268       3.0664280   -0.0023390081
     0.042145887       1.6304514    0.0036026338
     0.039888240       1.7609219    0.0045347121
     0.038382476       1.9042695   -0.0017848299
     0.037718752       2.0559241    0.0044097374
     0.037941284       2.2093560    0.0046380000
     0.039034916       2.3575757  -0.00045670269
     0.040929883       2.4949014   -0.0037053075
     0.043521637       2.6179939    0.0025199545
     0.046694298       2.7258271   -0.0023771311
     0.050338146       2.8190125   0.00090587898
     0.054358508       2.8990288   -0.0036570443
     0.058678043       2.9676530  -0.00039040501
     0.047939698       1.6232346   0.00086467875
     0.045599748       1.7368703   0.00093417689
     0.043906792       1.8609953   -0.0049744413
     0.042937428       1.9928601    0.0031070478
     0.042740917       2.1283438    0.0017267238
     0.043327776       2.2625995   -0.0046419598
     0.044667139       2.3910328    0.0036690080
     0.046694298       2.5101606   -0.0023753634
     0.049324522       2.6179939    0.0043000273
     0.052467195       2.7139236   0.00076652391
     0.056036162       2.7983342  -0.00053978153
     0.059955345       2.8721817   -0.0027873433
     0.053735467       1.6175744   -0.0040424185
     0.051331758       1.7181813    0.0010593567
     0.049494901       1.8274410    0.0020497163
     0.048289627       1.9436140  -0.00063232694
     0.047763772       2.0640176   -0.0020445376
     0.047939698       2.1853044  -0.00093833249
     0.048809818       2.3039795    0.0020672312
     0.050338146       2.4169753    0.0043280248
     0.052467195       2.5220642    0.0012607243
     0.055127407       2.6179939   -0.0035078089
     0.058246052       2.7043809  -0.00024976185
     0.061753712       2.7814789   -0.0019228446
     0.059532623       1.6130164   0.00035340809
     0.057078092       1.7032509    0.0055077251
     0.055127407       1.8007182   0.00082998955
     0.053735467       1.9042695    0.0023472957
     0.052946357       2.0121028    0.0025214195
     0.052787119       2.1218810    0.0025573296
     0.053263404       2.2310033   -0.0011416513
     0.054358508       2.3369590   0.00092074285
     0.056036162       2.4376536   -0.0046051861
     0.058246052       2.5316069    0.0033727507
     0.060930292       2.6179939   -0.0027099832
     0.064029255       2.6965614   0.00090062753
     0.065330796       1.6092674   0.00072440278
     0.062834822       1.6910540    0.0045211526
     0.060791971       1.7789622    0.0036551238
     0.059249132       1.8722055   -0.0045055347
     0.058246052       1.9695371   -0.0045813889
     0.057810832       2.0692982  -0.00017573160
     0.057956268       2.1695598   0.00050199354
     0.058678043       2.2683347  -0.00069359001
     0.059955345       2.3638060   9.7703721e-05
     0.061753712       2.4545089    0.0022944051
     0.064029255       2.5394264    0.0018794450
     0.066733177       2.6179939   0.00082951950
    0.0029014425      -1.5707963    0.0028419438
    0.0076764953     -0.85707195    0.0016949729
     0.013296080     -0.71372438  -2.8167045e-05
     0.019026031     -0.65605337   -0.0011440263
     0.024789936     -0.62513375  -0.00051185182
     0.030568593     -0.60589112  -0.00031073133
     0.036354970     -0.59277027   0.00018439298
     0.042145887     -0.58325380    0.0015493284
     0.047939698     -0.57603705   -0.0018886907
     0.053735467     -0.57037681    0.0023122787
     0.059532623     -0.56581881    0.0032318360
     0.065330796     -0.56206980    0.0043992845
    0.0076764953      -2.2845207    0.0036917845
    0.0087043275      -1.5707963   -0.0022221761
     0.012647095      -1.1621585   0.00095329536
     0.017648786     -0.96490521    0.0014086677
     0.023029486     -0.85707195   0.00077097333
     0.028575895     -0.79055289    0.0027987597
     0.034207502     -0.74578840   0.00071258756
     0.039888240     -0.71372438   -0.0039145450
     0.045599748     -0.68967276  -4.0224887e-05
     0.051331758     -0.67098374    0.0080916759
     0.057078092     -0.65605337   -0.0012977254
     0.062834822     -0.64385644  -0.00099480021
     0.013296080      -2.4278683   -0.0032219345
     0.012647095      -1.9794342   -0.0019095777
     0.014507212      -1.5707963   -0.0028507744
     0.018119503      -1.2897614    0.0018632501
     0.022660990      -1.1112598    0.0019925749
     0.027677997     -0.99475928    0.0022599998
     0.032954052     -0.91474295    0.0020837532
     0.038382476     -0.85707195  -7.2014298e-06
     0.043906792     -0.81379771    0.0030972226
     0.049494901     -0.78024343    0.0021257648
     0.055127407     -0.75352062    0.0071005046
     0.060791971     -0.73176462  -0.00030563157
     0.019026031      -2.4855393   0.00030647182
     0.017648786      -2.1766874    0.0080893976
     0.018119503      -1.8518312  -0.00079268692
     0.020310097      -1.5707963   -0.0017375886
     0.023749330      -1.3575808   -0.0078939234
     0.027980498      -1.2033744   0.00040813039
     0.032697596      -1.0915799    0.0023602282
     0.037718752      -1.0087265    0.0032840425
     0.042937428     -0.94566257    0.0016261731
     0.048289627     -0.89641642  -0.00054243442
     0.053735467     -0.85707195   -0.0068912948
     0.059249132     -0.82500793  -9.4210868e-05
     0.024789936      -2.5164589    0.0011164962
     0.023029486      -2.2845207   -0.0045535157
     0.022660990      -2.0303329   -0.0061434678
     0.023749330      -1.7840118   0.00075082226
     0.026112982      -1.5707963    0.0025343745
     0.029446425      -1.3992928   -0.0010732993
     0.033461067      -1.2657098    0.0020900899
     0.037941284      -1.1621585    0.0028270104
     0.042740917      -1.0811463   -0.0020569242
     0.047763772      -1.0168200   0.00089132700
     0.052946357     -0.96490521   0.00054362182
     0.058246052     -0.92233952    0.0044066178
     0.030568593      -2.5357015    0.0027761510
     0.028575895      -2.3510398    0.0011152871
     0.027677997      -2.1468334  -0.00077620889
     0.027980498      -1.9382182  -0.00056003326
     0.029446425      -1.7422999   -0.0039444674
     0.031915867      -1.5707963    0.0042777433
     0.035178121      -1.4274488   -0.0057536458
     0.039034916      -1.3103782    0.0040505624
     0.043327776      -1.2154020   -0.0021927305
     0.047939698      -1.1381068    0.0018724733
     0.052787119      -1.0746835    0.0039553071
     0.057810832      -1.0221006   -0.0041790917
     0.036354970      -2.5488224    0.0053934287
     0.034207502      -2.3958043   -0.0023890833
     0.032954052      -2.2268497    0.0020147702
     0.032697596      -2.0500127    0.0018774352
     0.033461067      -1.8758829  -0.00027818320
     0.035178121      -1.7141439   -0.0071047048
     0.037718752      -1.5707963  -0.00092005530
     0.040929883      -1.4477039   -0.0022079646
     0.044667139      -1.3438352   -0.0022800935
     0.048809818      -1.2567819    0.0016700100
     0.053263404      -1.1838057   0.00055570111
     0.057956268      -1.1223622   -0.0039298394
     0.042145887      -2.5583389    0.0025656406
     0.039888240      -2.4278683    0.0038235465
     0.038382476      -2.2845207    0.0022136880
     0.037718752      -2.1328661    0.0011294790
     0.037941284      -1.9794342  -0.00033351286
     0.039034916      -1.8312145   0.00083338761
     0.040929883      -1.6938888   -0.0010690669
     0.043521637      -1.5707963  -0.00064993556
     0.046694298      -1.4629631   -0.0063871263
     0.050338146      -1.3697778   -0.0070749333
     0.054358508      -1.2897614  -0.00068342345
     0.058678043      -1.2211372  -0.00089324021
     0.047939698      -2.5655556  -0.00034656410
     0.045599748      -2.4519199   -0.0032874907
     0.043906792      -2.3277949    0.0014722866
     0.042937428      -2.1959301   -0.0031025892
     0.042740917      -2.0604464   -0.0015307679
     0.043327776      -1.9261907    0.0015186699
     0.044667139      -1.7977574   0.00037902218
     0.046694298      -1.6786296   -0.0010616501
     0.049324522      -1.5707963   -0.0024371892
     0.052467195      -1.4748666   -0.0014338928
     0.056036162      -1.3904560   -0.0065812479
     0.059955345      -1.3166085   -0.0014059087
     0.053735467      -2.5712158    0.0042924337
     0.051331758      -2.4706089   -0.0014838368
     0.049494901      -2.3613492    0.0012820443
     0.048289627      -2.2451762   -0.0012616618
     0.047763772      -2.1247726   0.00014556334
     0.047939698      -2.0034858    0.0033817667
     0.048809818      -1.8848107   -0.0013019886
     0.050338146      -1.7718149   0.00033579406
     0.052467195      -1.6667260   0.00099634497
     0.055127407      -1.5707963   -0.0041162584
     0.058246052      -1.4844093   -0.0018049006
     0.061753712      -1.4073114    0.0021129809
     0.059532623      -2.5757738    0.0012521736
     0.057078092      -2.4855393   0.00088516180
     0.055127407      -2.3880720  -0.00022473047
     0.053735467      -2.2845207    0.0045271727
     0.052946357      -2.1766874    0.0059490967
     0.052787119      -2.0669092   -0.0017819774
     0.053263404      -1.9577869  -0.00078093599
     0.054358508      -1.8518312    0.0010073345
     0.056036162      -1.7511366   0.00096672002
     0.058246052      -1.6571833   0.00098416470
     0.060930292      -1.5707963   -0.0022412781
     0.064029255      -1.4922288    0.0014326176
     0.065330796      -2.5795229   -0.0048433080
     0.062834822      -2.4977362    0.0030701442
     0.060791971      -2.4098280   -0.0015231984
     0.059249132      -2.3165847   -0.0015196822
     0.058246052      -2.2192531   -0.0014089098
     0.057810832      -2.1194920   -0.0010178684
     0.057956268      -2.0192304   -0.0018958123
     0.058678043      -1.9204555    0.0012436465
     0.059955345      -1.8249842   -0.0047848019
     0.061753712      -1.7342813   -0.0019130465
     0.064029255      -1.6493638    0.0026835018
     0.066733177      -1.5707963   -0.0016062324
      0.12313197       1.0354154    0.0038834667
      0.12815708       1.0585177    0.0060721472
      0.13324541       1.0798661   0.00014899624
      0.13838999       1.0996358  -9.1708632e-05
      0.14358476       1.1179818    0.0035163308
      0.14882449       1.1350413    0.0037734023
      0.15410457       1.1509362   -0.0016828518
      0.15942100       1.1657744    0.0045477979
      0.16477026       1.1796521    0.0022367988
      0.17014926       1.1926548    0.0043712581
      0.17555525       1.2048586   -0.0014083365
      0.18098583       1.2163317   0.00095791233
      0.12333690      0.98835228   -0.0019269930
      0.12822275       1.0132488    0.0057416196
      0.13318222       1.0363046   0.00079223518
      0.13820737       1.0576944   -0.0067961678
      0.14329131       1.0775751    0.0044936577
      0.14842800       1.0960866    0.0020770804
      0.15361213       1.1133542    0.0027465242
      0.15883907       1.1294899   -0.0023960778
      0.16410473       1.1445938    0.0058911955
      0.16940548       1.1587556   -0.0018136552
      0.17473815       1.1720556    0.0030285865
      0.18009990       1.1845657    0.0043211551
      0.12381377      0.94154846   -0.0010633346
      0.12855060      0.96811865   -0.0011139915
      0.13337171      0.99278431  -5.3162292e-05
      0.13826827       1.0157161    0.0040721407
      0.14323255       1.0370689    0.0064514786
      0.14825775       1.0569828  -0.00084524831
      0.15333787       1.0755842   -0.0066675788
      0.15846764       1.0929870  -0.00059338852
      0.16364239       1.1092938  -0.00038231395
      0.16885797       1.1245971   -0.0059327822
      0.17411073       1.1389803    0.0019296723
      0.17939739       1.1525184   -0.0020942344
      0.12455944      0.89520435   -0.0016079252
      0.12913864      0.92330877   -0.0020448960
      0.13381282      0.94946926    0.0054383732
      0.13857236      0.97384843   0.00070113292
      0.14340877      0.99659602   0.00060929431
      0.14831452       1.0178492    0.0030960439
      0.15328296       1.0377331   0.00052771196
      0.15830819       1.0563616   0.00030077980
      0.16338496       1.0738382    0.0012969863
      0.16850863       1.0902568    0.0038094331
      0.17367503       1.1057025    0.0011244317
      0.17888046       1.1202526  -0.00076200388
      0.12556912      0.84950855   -0.0010447795
      0.12998333      0.87899313    0.0011817849
      0.13450306      0.90651878  -0.00039589597
      0.13911804      0.93223663    0.0012787262
      0.14381909      0.95628825    0.0018988266
      0.14859805      0.97880520    0.0013909781
      0.15344764      0.99990904    0.0019496049
      0.15836136       1.0197116    0.0033906720
      0.16333343       1.0383155  -0.00070784035
      0.16835869       1.0558145    0.0013240416
      0.17343250       1.0722945    0.0035898329
      0.17855073       1.0878336   -0.0073832846
      0.12683652      0.80463368    0.0017153250
      0.13107971      0.83533415   0.00072779905
      0.13543864      0.86408418   0.00014284221
      0.13990249      0.89102068  -0.00058570797
      0.14446154      0.91627438    0.0012646970
      0.14910705      0.93996885  -0.00030730119
      0.15383119      0.96221986   -0.0056333843
      0.15862693      0.98313530   -0.0023738961
      0.16348798       1.0028152  -0.00027586021
      0.16840868       1.0213518    0.0060577674
      0.17338395       1.0388304    0.0014609942
      0.17840922       1.0553291  -0.00056393496
      0.12835399      0.76073308   -0.0030988079
      0.13242153      0.79247953   0.00052788667
      0.13661451      0.82230583   -0.0014364877
      0.14092172      0.85033255   0.00014875273
      0.14533302      0.87667756   -0.0018295261
      0.14983921      0.90145434   0.00018118348
      0.15443199      0.92477103   -0.0048272456
      0.15910385      0.94672976   -0.0046349798
      0.16384803      0.96742638    0.0063531706
      0.16865843      0.98695037    0.0035750333
      0.17352955       1.0053850   0.00049467912
      0.17845640       1.0228073    0.0021045995
      0.13011279      0.71793859  -0.00026106003
      0.13400142      0.75055985    0.0019184978
      0.13802452      0.78131062    0.0021976164
      0.14217068      0.81029391  -0.00085549832
      0.14642945      0.83761316  -9.7993067e-05
      0.15079129      0.86337023    0.0020794132
      0.15524751      0.88766401   -0.0021177492
      0.15979021      0.91058938   -0.0047820978
      0.16441223      0.93223663   4.5835473e-05
      0.16910706      0.95269107   0.00024811175
      0.17386881      0.97203287    0.0054896133
      0.17869211      0.99033705   0.00052416601
      0.13210329      0.67635939    0.0050636874
      0.13581107      0.70968699   0.00078244628
      0.13966159      0.74121033   -0.0036481476
      0.14364338      0.77101429    0.0067120951
      0.14774583      0.79918703  -0.00084542138
      0.15195916      0.82581767   0.00043518904
      0.15627440      0.85099465   -0.0037077246
      0.16068334      0.87480440  -0.00088318517
      0.16517849      0.89733044   -0.0023167682
      0.16975298      0.91865275   0.00010530790
      0.17440059      0.93884742   -0.0021572125
      0.17911561      0.95798634    0.0017100047
      0.13431517      0.63608180    0.0034218543
      0.13784142      0.66995337   -0.0012434570
      0.14151784      0.70210040   -0.0011015406
      0.14533302      0.73258980   0.00098255526
      0.14927633      0.76149408    0.0014846170
      0.15333787      0.78888906    0.0010176377
      0.15750851      0.81485191   6.4497672e-06
      0.16177981      0.83945969    0.0047475562
      0.16614400      0.86278822   -0.0011749610
      0.17059396      0.88491123   -0.0051700900
      0.17512315      0.90589974    0.0039225492
      0.17972557      0.92582172   0.00021124006
      0.13673769      0.59717004   0.00052390507
      0.14008289      0.63143204    0.0043798590
      0.14358476      0.66405960    0.0077924178
      0.14723213      0.69510233   2.1009123e-05
      0.15101444      0.72461735    0.0014377873
      0.15492181      0.75266697    0.0015224344
      0.15894503      0.77931671    0.0045480922
      0.16307552      0.80463368    0.0010007747
      0.16730534      0.82868530    0.0021715682
      0.17162713      0.85153830   -0.0013036312
      0.17603413      0.87325792    0.0021328424
      0.18052009      0.89390742   0.00089984828
      0.13935988      0.55966752    0.0050941330
      0.14252552      0.59417730    0.0026600990
      0.14585341      0.62715011  -0.00082564480
      0.14933271      0.65861937    0.0053606686
      0.15295308      0.68862746  -0.00092169839
      0.15670476      0.71722346   -0.0013338811
      0.16057853      0.74446116    0.0024368853
      0.16456577      0.77039747   5.2171358e-05
      0.16865843      0.79509099    0.0054297631
      0.17284904      0.81860092   0.00034976607
      0.17713063      0.84098618   -0.0040235840
      0.18149677      0.86230468   -0.0033593565
      0.12064559       1.0712492   -0.0028998198
      0.11573083       1.0973598   -0.0018366162
      0.11090192       1.1257651   -0.0064338801
      0.10617060       1.1567289   0.00044522257
      0.10155049       1.1905451    0.0012710244
     0.097057480       1.2275379    0.0021654124
     0.092710055       1.2680599  -0.00078871749
     0.088529662       1.3124878    0.0061064328
     0.084541084       1.3612119   -0.0019666416
     0.080772740       1.4146195    0.0041067549
     0.077256866       1.4730680    0.0067941380
     0.074029439       1.5368476    0.0014793848
      0.12577009       1.0933528  -0.00012159563
      0.12092438       1.1192414  -8.3528461e-05
      0.11616645       1.1472709   -0.0057639596
      0.11150753       1.1776681   -0.0032058649
      0.10696057       1.2106825    0.0042405800
      0.10254044       1.2465852   0.00095368990
     0.098264280       1.2856668    0.0020182523
     0.094151697       1.3282325    0.0045960496
     0.090225065       1.3745934   -0.0017311019
     0.086509708       1.4250531   -0.0041698894
     0.083033992       1.4798870   -0.0022692902
     0.079829224       1.5393149    0.0010315225
      0.13095120       1.1137166    0.0031807191
      0.12617105       1.1393122   -0.0038400377
      0.12148004       1.1669038    0.0034627677
      0.11688889       1.1966871    0.0066919484
      0.11240984       1.2288743   -0.0048401928
      0.10805682       1.2636934   -0.0013515059
      0.10384570       1.3013854    0.0020891061
     0.099794439       1.3421997    0.0017357352
     0.095923286       1.3863870   -0.0066785962
     0.092254922       1.4341882    0.0041971704
     0.088814477       1.4858186    0.0041917490
     0.085629428       1.5414480    0.0029942160
      0.13618247       1.1325232  -0.00063956813
      0.13146448       1.1577736    0.0070909845
      0.12683652       1.1848849   -0.0015811235
      0.12230879       1.2140262    0.0021251004
      0.11789286       1.2453790   -0.0027040539
      0.11360176       1.2791357    0.0025272306
      0.10945016       1.3154975    0.0067652289
      0.10545456       1.3546698  -0.00078192519
      0.10163335       1.3968567    0.0024537871
     0.098006931       1.4422515    0.0043403420
     0.094597705       1.4910252    0.0020457767
     0.091429973       1.5433104   -0.0044545607
      0.14145834       1.1499328    0.0034232839
      0.13679924       1.1748005  -5.2554172e-05
      0.13223068       1.2014039   -0.0055441642
      0.12776234       1.2298896    0.0051261263
      0.12340514       1.2604131   -0.0038595340
      0.11917125       1.2931377  -0.00010740247
      0.11507430       1.3282325  -0.00030514380
      0.11112941       1.3658680   0.00079661892
      0.10735337       1.4062116  -0.00091138220
      0.10376461       1.4494205   -0.0046596438
      0.10038320       1.4956316   4.3764022e-05
     0.097230797       1.5449506    0.0033605398
      0.14677399       1.1660860    0.0016745452
      0.14217068       1.1905451    0.0020221945
      0.13765808       1.2166243    0.0040044721
      0.13324541       1.2444508   -0.0050773161
      0.12894292       1.2741586   0.00040386238
      0.12476203       1.3058871   -0.0012980542
      0.12071535       1.3397789    0.0041359377
      0.11681685       1.3759769   0.00082916562
      0.11308184       1.4146195   -0.0064059817
      0.10952705       1.4558354   -0.0023026319
      0.10617060       1.4997360   -0.0031247534
      0.10303185       1.5464061    0.0049814369
      0.15212526       1.1811064    0.0061505246
      0.14757479       1.2051400    0.0019029637
      0.14311496       1.2306870    0.0028957224
      0.13875449       1.2578584    0.0018454823
      0.13450306       1.2867700    0.0019971718
      0.13037134       1.3175412    0.0020101934
      0.12637106       1.3502932    0.0022299544
      0.12251511       1.3851463   -0.0013059019
      0.11881752       1.4222160   -0.0032450863
      0.11529356       1.4616088   -0.0011981793
      0.11195959       1.5034160  -0.00053533127
      0.10883310       1.5477064    0.0010470012
      0.15750851       1.1951031    0.0036484341
      0.15300811       1.2187011   -0.0061321233
      0.14859805       1.2437144   -0.0037870698
      0.14428661       1.2702400    0.0012814013
      0.14008289       1.2983784    0.0041403914
      0.13599690       1.3282325   -0.0010070425
      0.13203954       1.3599057   -0.0021362015
      0.12822275       1.3935000  -0.00029797781
      0.12455944       1.4291126    0.0015850743
      0.12106354       1.4668321    0.0025491430
      0.11774996       1.5067341    0.0042638743
      0.11463452       1.5488751   0.00050721372
      0.16292058       1.2081723   0.00017862031
      0.15846764       1.2313300   0.00017269304
      0.15410457       1.2558127   -0.0033861427
      0.14983921       1.2817055    0.0036975782
      0.14568015       1.3090961   -0.0019964322
      0.14163676       1.3380733   -0.0017868297
      0.13771922       1.3687261    0.0035269334
      0.13393858       1.4011413   -0.0085169544
      0.13030675       1.4354011   -0.0046629870
      0.12683652       1.4715800    0.0032302364
      0.12354150       1.5097411   -0.0022687853
      0.12043608       1.5499313   -0.0016683855
      0.16835869       1.2203992   -0.0022073476
      0.16395076       1.2431159    0.0075438248
      0.15963208       1.2670747   -0.0053378084
      0.15541010       1.2923504    0.0034486716
      0.15129291       1.3190197   -0.0019138672
      0.14728929       1.3471597    0.0012539863
      0.14340877       1.3768472   0.00028580110
      0.13966159       1.4081567    0.0040828843
      0.13605878       1.4411581    0.0043358810
      0.13261211       1.4759145   -0.0062630058
      0.12933406       1.5124788   0.00044896781
      0.12623776       1.5508903   0.00093641322
      0.17382038       1.2318593    0.0030389237
      0.16945517       1.2541376    0.0064677438
      0.16517849       1.2775816   -0.0057375050
      0.16099738       1.3022575   -0.0018689138
      0.15691950       1.3282325    0.0025157560
      0.15295308       1.3555738   -0.0023076800
      0.14910705       1.3843481   -0.0015084188
      0.14539093       1.4146195    0.0013812835
      0.14181496       1.4464479   -0.0020636645
      0.13838999       1.4798870   0.00064238479
      0.13512750       1.5149818   0.00037984678
      0.13203954       1.5517651   -0.0022222709
      0.17930351       1.2426199   -0.0013768595
      0.17497887       1.2644646    0.0021784773
      0.17074194       1.2874049    0.0016436093
      0.16659940       1.3114992   0.00042488228
      0.16255848       1.3368068   -0.0024271496
      0.15862693       1.3633865    0.0023659843
      0.15481310       1.3912964    0.0045676877
      0.15112589       1.4205920    0.0014145085
      0.14757479       1.4513249    0.0012118223
      0.14416987       1.4835411  -0.00084265800
      0.14092172       1.5172789    0.0034355265
      0.13784142       1.5525662   -0.0010002507
      0.11810689       1.0349141   0.00047369563
      0.11832053      0.98585437    0.0023919954
      0.11881752      0.93708828    0.0021292527
      0.11959435      0.88884200   -0.0012708106
      0.12064559      0.84132733    0.0023264058
      0.12196416      0.79473657    0.0012258533
      0.12354150      0.74923869   -0.0014938025
      0.12536783      0.70497687    0.0034522801
      0.12743246      0.66206737    0.0040495182
      0.12972401      0.62059962   -0.0030181254
      0.13223068      0.58063741    0.0023952329
      0.13494047      0.54222082   -0.0058119772
      0.11308184       1.0600269   0.00070365834
      0.11315626       1.0087265    0.0034086057
      0.11352763      0.95762781    0.0011168747
      0.11419305      0.90699344   0.00059214184
      0.11514743      0.85707195    0.0052687282
      0.11638365      0.80809085    0.0020835083
      0.11789286      0.76025128    0.0020715519
      0.11966472      0.71372438    0.0029352800
      0.12168776      0.66864944    0.0026991598
      0.12394968      0.62513375   0.00084735515
      0.12643766      0.58325380    0.0031870321
      0.12913864      0.54305756    0.0012141368
      0.10813470       1.0874560    0.0018532668
      0.10805682       1.0337716    0.0052082550
      0.10829029      0.98016438   -0.0036557327
      0.10883310      0.92693989   -0.0061545771
      0.10968067      0.87439072    0.0033535312
      0.11082599      0.82278735    0.0041655919
      0.11225996      0.77237064    0.0015360489
      0.11397167      0.72334659    0.0018873774
      0.11594884      0.67588342    0.0019166154
      0.11817814      0.63011087    0.0052906301
      0.12064559      0.58612143   -0.0017575129
      0.12333690      0.54397302    0.0057115533
      0.10327668       1.1174901   -0.0089335677
      0.10303185       1.0612783    0.0034456844
      0.10311353       1.0049775    0.0054777418
      0.10352093      0.94894296    0.0011278057
      0.10425025      0.89352003    0.0026749761
      0.10529478      0.83903171   -0.0063826331
      0.10664528      0.78576826    0.0021900468
      0.10829029      0.73397951   0.00060866831
      0.11021663      0.68387031  -0.00061867306
      0.11240984      0.63559893    0.0037320789
      0.11485462      0.58927825    0.0035905524
      0.11753528      0.54497886    0.0036320335
     0.098520957       1.1504560  -0.00043757974
     0.098092789       1.0915799    0.0031910281
     0.098006931       1.0323948    0.0012026156
     0.098264280      0.97331302    0.0020949406
     0.098862156      0.91474295   0.00081482141
     0.099794439      0.85707195    0.0025359574
      0.10105187      0.80065197    0.0041566207
      0.10262251      0.74578840   -0.0033419999
      0.10449222      0.69273291   -0.0010745071
      0.10664528      0.64168050   -0.0012318439
      0.10906491      0.59277027    0.0017851860
      0.11173379      0.54608915   -0.0017477375
     0.093883075       1.1867216    0.0043020948
     0.093253282       1.1250601    0.0027463955
     0.092982065       1.0628003   -0.0040549167
     0.093072559       1.0004195    0.0015132420
     0.093523713      0.93840043  -1.6559148e-05
     0.094330353      0.87720935   -0.0053347406
     0.095483470      0.81727571   0.00018462912
     0.096970705      0.75897584    0.0014409150
     0.098776967      0.70262195   -0.0019162289
      0.10088512      0.64845681   -0.0018934815
      0.10327668      0.59665378   -0.0020035371
      0.10593246      0.54732105   -0.0033227395
     0.089381384       1.2266975   -0.0023744414
     0.088529662       1.1621585    0.0016606970
     0.088052924       1.0966444   0.00015315523
     0.087957266       1.0307033    0.0034553281
     0.088243928      0.96490521    0.0023436128
     0.088909212      0.89981259   -0.0033049947
     0.089944717      0.83595252   -0.0029990847
     0.091337852      0.77379268   0.00083093591
     0.093072559      0.71372438   0.00027826328
     0.095130154      0.65605337   -0.0033673991
     0.097490195      0.60099836   -0.0020999750
      0.10013130      0.54869569    0.0033294422
     0.085037513       1.2708342   -0.0066892283
     0.083941494       1.2033744    0.0031815500
     0.083236514       1.1344527  -1.5062820e-06
     0.082932545       1.0646912   -0.0061308714
     0.083033992      0.99475928   0.00074641261
     0.083539377      0.92533614   0.00096414411
     0.084441448      0.85707195   0.00095122033
     0.085727684      0.79055289    0.0019926514
     0.087381121      0.72627481   -0.0012575982
     0.089381384      0.66462767  -0.00081320830
     0.091705780      0.60589112    0.0022269942
     0.094330353      0.55023941   -0.0032628219
     0.080876896       1.3196155    0.0057686516
     0.079512230       1.2492678   -0.0040929053
     0.078553575       1.1768358    0.0024900529
     0.078015899       1.1030121    0.0083002358
     0.077907918       1.0285755   -0.0014024289
     0.078231413      0.95434432   -0.0066918008
     0.078981081      0.88112357   0.00067273627
     0.080144964      0.80965407   -0.0015578792
     0.081705362      0.74057143    0.0011313860
     0.083640088      0.67437990    0.0031586253
     0.085923857      0.61144251    0.0036827895
     0.088529662      0.55198542    0.0026356449
     0.076929273       1.3735431    0.0016756560
     0.075269928       1.3004527   0.00084622827
     0.074029439       1.2244939    0.0020038352
     0.073229098       1.1464139    0.0053202535
     0.072883404       1.0671036   0.00041208183
     0.072998817      0.98754253    0.0024392102
     0.073573167      0.90872896   0.00016537482
     0.074595855      0.83160612  -0.00011447806
     0.076048795      0.75699862   -0.0025094923
     0.077907918      0.68556839   -0.0016424817
     0.080144964      0.61779469   -0.0017658803
     0.082729279      0.55397628   0.00019590727
     0.073229098       1.4331090    0.0019813830
     0.071247991       1.3575808    0.0033944070
     0.069695040       1.2782149   -0.0023607278
     0.068599329       1.1957779  -0.00034182361
     0.067982971       1.1112598    0.0026550971
     0.067859027       1.0258175   -0.0021112887
     0.068230182      0.94068546    0.0020955947
     0.069088457      0.85707195   0.00043306241
     0.070416043      0.77605976   -0.0018568561
     0.072187050      0.69853212    0.0065114092
     0.074369807      0.62513375   -0.0027167464
     0.076929273      0.55626735   -0.0066444364
     0.069815724       1.4987524    0.0044648249
     0.067485831       1.4213068   -0.0014575659
     0.065588004       1.3388581   -0.0019858443
     0.064160597       1.2521259   -0.0035852164
     0.063235473       1.1621585    0.0019466375
     0.062834822       1.0702875   -0.0020809799
     0.062968656      0.97802605   -0.0020506381
     0.063633602      0.88692602   0.00068589418
     0.064813316      0.79842569   8.4462927e-05
     0.066480399      0.71372438  -0.00010105107
     0.068599329      0.63370805   -0.0057983149
     0.071129737      0.55893204   0.00033599691
      0.12313197     0.011782113    0.0062330852
      0.12333690     0.058845276    0.0016370326
      0.12381377      0.10564909  -0.00047804587
      0.12455944      0.15199320   -0.0031105237
      0.12556912      0.19768900   -0.0041492414
      0.12683652      0.24256387   -0.0020853267
      0.12835399      0.28646447    0.0040095174
      0.13011279      0.32925896    0.0011805352
      0.13210329      0.37083817  -0.00093952592
      0.13431517      0.41111575   -0.0018330135
      0.13673769      0.45002751    0.0063148374
      0.13935988      0.48753003  -0.00089079129
      0.12815708    -0.011320110   -0.0043184364
      0.12822275     0.033948732    0.0039175176
      0.12855060     0.079078902   0.00081865556
      0.12913864      0.12388878  -2.7670406e-05
      0.12998333      0.16820442   0.00040613065
      0.13107971      0.21186340   0.00065635725
      0.13242153      0.25471802   -0.0018812487
      0.13400142      0.29663770    0.0013447007
      0.13581107      0.33751056  -0.00018920546
      0.13784142      0.37724418    0.0013363153
      0.14008289      0.41576552  -0.00086452347
      0.14252552      0.45302025    0.0021876666
      0.13324541    -0.032668577    0.0016634610
      0.13318222     0.010892970    0.0046310203
      0.13337171     0.054413241   0.00071594183
      0.13381282     0.097728290    0.0019128465
      0.13450306      0.14067878   0.00059771188
      0.13543864      0.18311337   0.00018210259
      0.13661451      0.22489173    0.0012210786
      0.13802452      0.26588693    0.0018266869
      0.13966159      0.30598723   -0.0018018855
      0.14151784      0.34509715   -0.0020672960
      0.14358476      0.38313795    0.0013789864
      0.14585341      0.42004744  -0.00048397542
      0.13838999    -0.052438271  -0.00081390340
      0.13820737    -0.010496892    0.0017416605
      0.13826827     0.031481429   -0.0060874172
      0.13857236     0.073349118    0.0010979113
      0.13911804      0.11496092    0.0036084695
      0.13990249      0.15617687   -0.0037075452
      0.14092172      0.19686500   0.00063704441
      0.14217068      0.23690364   0.00055176911
      0.14364338      0.27618326    0.0010872864
      0.14533302      0.31460775    0.0045180106
      0.14723213      0.35209522    0.0022182871
      0.14933271      0.38857818    0.0039220683
      0.14358476    -0.070784208   0.00027762343
      0.14329131    -0.030377509   -0.0029750025
      0.14323255     0.010128606   -0.0020317040
      0.14340877     0.050601528  -0.00066562991
      0.14381909     0.090909298    0.0032888434
      0.14446154      0.13092317    0.0013718892
      0.14533302      0.17051999   -0.0028541736
      0.14642945      0.20958439  -0.00069076688
      0.14774583      0.24801052    0.0033983741
      0.14927633      0.28570347    0.0023576965
      0.15101444      0.32258020  -0.00049159570
      0.15295308      0.35857009    0.0022890597
      0.14882449    -0.087843731   -0.0024313364
      0.14842800    -0.048889001   -0.0012806357
      0.14825775   -0.0097852855  -0.00020068984
      0.14831452     0.029348364    0.0024541125
      0.14859805     0.068392349   -0.0049701852
      0.14910705      0.10722870  -0.00015284654
      0.14983921      0.14574321   -0.0016520501
      0.15079129      0.18382732   0.00070098368
      0.15195916      0.22137988   -0.0055423965
      0.15333787      0.25830849    0.0064333696
      0.15492181      0.29453058   -0.0030729875
      0.15670476      0.32997409   -0.0026225397
      0.15410457     -0.10373860    0.0042153600
      0.15361213    -0.066156624    0.0018380379
      0.15333787    -0.028386648    0.0013863513
      0.15328296    0.0094644759    0.0014028175
      0.15344764     0.047288512   -0.0039602211
      0.15383119     0.084977687    0.0015781692
      0.15443199      0.12242652    0.0013966416
      0.15524751      0.15953355    0.0018768709
      0.15627440      0.19620290    0.0032240305
      0.15750851      0.23234564  -0.00025513667
      0.15894503      0.26788084  -0.00088759730
      0.16057853      0.30273639   -0.0016007525
      0.15942100     -0.11857688    0.0085386306
      0.15883907    -0.082292343   -0.0069372932
      0.15846764    -0.045789421    0.0018331801
      0.15830819   -0.0091640334    0.0047484089
      0.15836136     0.027485946   -0.0040446602
      0.15862693     0.064062249    0.0033956443
      0.15910385      0.10046779    0.0021911098
      0.15979021      0.13660817  -0.00043510042
      0.16068334      0.17239315   -0.0033786455
      0.16177981      0.20773786    0.0031179736
      0.16307552      0.24256387   -0.0046352734
      0.16456577      0.27680008    0.0042651702
      0.16477026     -0.13245460  -0.00042156553
      0.16410473    -0.097396289    0.0036262007
      0.16364239    -0.062096246   -0.0064120439
      0.16338496    -0.026640631   -0.0038760739
      0.16333343    0.0088820783    0.0016232277
      0.16348798     0.044382395   0.00010658267
      0.16384803     0.079771168   -0.0051266189
      0.16441223      0.11496092    0.0020430127
      0.16517849      0.14986712    0.0017674455
      0.16614400      0.18440933   -0.0012370989
      0.16730534      0.21851225    0.0026899688
      0.16865843      0.25210656  -0.00055062387
      0.17014926     -0.14545725    0.0019203450
      0.16940548     -0.11155808    0.0060420421
      0.16885797    -0.077399583    0.0017629563
      0.16850863    -0.043059209    0.0032170313
      0.16835869   -0.0086169549    0.0035184583
      0.16840868     0.025845748   0.00050419188
      0.16865843     0.060247178   -0.0035574524
      0.16910706     0.094506481    0.0021348755
      0.16975298      0.12854480   -0.0065976910
      0.17059396      0.16228632    0.0088724837
      0.17162713      0.19565926   0.00052910246
      0.17284904      0.22859663    0.0012335296
      0.17555525     -0.15766106    0.0024867265
      0.17473815     -0.12485803  -4.0799049e-05
      0.17411073    -0.091782748   0.00047861868
      0.17367503    -0.058504924   -0.0015684727
      0.17343250    -0.025096915   0.00053768361
      0.17338395    0.0083671999    0.0011854211
      0.17352955     0.041812592   -0.0040937926
      0.17386881     0.075164683   -0.0045167635
      0.17440059      0.10835014    0.0017548926
      0.17512315      0.14129781   -0.0027142184
      0.17603413      0.17393963    0.0011300272
      0.17713063      0.20621137   0.00030395802
      0.18098583     -0.16913413    0.0026238404
      0.18009990     -0.13736818   -0.0042017827
      0.17939739     -0.10532086   -0.0018854140
      0.17888046    -0.073055002   -0.0035318503
      0.17855073    -0.040636088  -0.00094665122
      0.17840922   -0.0081315147   -0.0046162119
      0.17845640     0.024390244   0.00094598585
      0.17869211     0.056860499    0.0042864613
      0.17911561     0.089211211  -0.00089389822
      0.17972557      0.12137584    0.0041555158
      0.18052009      0.15329013    0.0016725426
      0.18149677      0.18489287    0.0064679708
      0.11810689     0.012283430    0.0043346372
      0.11308184    -0.012829302   -0.0025147530
      0.10813470    -0.040258488    0.0030592640
      0.10327668    -0.070292567  -0.00091610621
     0.098520957     -0.10325841   -0.0048422353
     0.093883075     -0.13952408  -0.00094901232
     0.089381384     -0.17949992    0.0019056460
     0.085037513     -0.22363662    0.0012350345
     0.080876896     -0.27241795  -0.00028352608
     0.076929273     -0.32634551    0.0024760104
     0.073229098     -0.38591144   -0.0046122615
     0.069815724     -0.45155489   -0.0010973327
      0.11832053     0.061343181   0.00086702991
      0.11315626     0.038471027    0.0045127151
      0.10805682     0.013425944    0.0041845503
      0.10303185    -0.014080783   -0.0044778636
     0.098092789    -0.044382395    0.0012998848
     0.093253282    -0.077862575   -0.0028331996
     0.088529662     -0.11496092   -0.0012061959
     0.083941494     -0.15617687    0.0028662042
     0.079512230     -0.20207021   0.00017585875
     0.075269928     -0.25325514   -0.0039181884
     0.071247991     -0.31038327   -0.0051463504
     0.067485831     -0.37410926   -0.0041999576
      0.11881752      0.11010928   -0.0016381385
      0.11352763     0.089569739    0.0045809448
      0.10829029     0.067033168   -0.0028760230
      0.10311353     0.042220038   0.00064952494
     0.098006931     0.014802772  -0.00063561003
     0.092982065    -0.015602795   -0.0011760383
     0.088052924    -0.049446828    0.0010430732
     0.083236514    -0.087255199    0.0033179668
     0.078553575     -0.12963826    0.0013636561
     0.074029439     -0.17729630    0.0012006737
     0.069695040     -0.23101738   -0.0033679378
     0.065588004     -0.29166058  -6.4489810e-05
      0.11959435      0.15835555    0.0045038394
      0.11419305      0.14020411  -0.00084290987
      0.10883310      0.12025766   -0.0016309895
      0.10352093     0.098254589   0.00068017848
     0.098264280     0.073884528   -0.0043982605
     0.093072559     0.046778034  -0.00016147019
     0.087957266     0.016494226   0.00081786424
     0.082932545    -0.017493678   -0.0025085448
     0.078015899    -0.055814575    0.0058724470
     0.073229098    -0.099216305   0.00060938144
     0.068599329     -0.14858030  -0.00094697649
     0.064160597     -0.20492838   -0.0016732763
      0.12064559      0.20587022    0.0026229618
      0.11514743      0.19012560  -0.00055086389
      0.10968067      0.17280683   -0.0018777704
      0.10425025      0.15367752  -0.00052659791
     0.098862156      0.13245460    0.0033049418
     0.093523713      0.10879712   -0.0026180335
     0.088243928     0.082292343    0.0056095631
     0.083033992     0.052438271   -0.0020217501
     0.077907918     0.018622049    0.0021582016
     0.072883404    -0.019906000    0.0026468006
     0.067982971    -0.064062249    0.0022262753
     0.063235473     -0.11496092  -0.00052788071
      0.12196416      0.25246098    0.0010943859
      0.11638365      0.23910670    0.0086149674
      0.11082599      0.22441020    0.0026728725
      0.10529478      0.20816584    0.0014118446
     0.099794439      0.19012560   -0.0040263292
     0.094330353      0.16998820   -0.0019626392
     0.088909212      0.14738496    0.0032743648
     0.083539377      0.12186141   0.00070603452
     0.078231413     0.092853236    0.0018320313
     0.072998817     0.059655024   -0.0015978173
     0.067859027     0.021380085   -0.0010021349
     0.062834822    -0.023089906   -0.0015662355
      0.12354150      0.29795886    0.0024031158
      0.11789286      0.28694627    0.0055768666
      0.11225996      0.27482691   0.00050299799
      0.10664528      0.26142929  -8.9846822e-06
      0.10105187      0.24654558   0.00036561673
     0.095483470      0.22992184   0.00086592224
     0.089944717      0.21124503   -0.0023893809
     0.084441448      0.19012560   -0.0024923423
     0.078981081      0.16607398   -0.0013258284
     0.073573167      0.13846859   -0.0088650916
     0.068230182      0.10651209    0.0040086208
     0.062968656     0.069171499   0.00073414163
      0.12536783      0.34222068  -0.00023158767
      0.11966472      0.33347317    0.0043303331
      0.11397167      0.32385096    0.0021402274
      0.10829029      0.31321804   0.00027953649
      0.10262251      0.30140915  -0.00034143524
     0.096970705      0.28822171  -0.00069603482
     0.091337852      0.27340487    0.0042369998
     0.085727684      0.25664466    0.0047090043
     0.080144964      0.23754348   0.00023779672
     0.074595855      0.21559143   -0.0013882434
     0.069088457      0.19012560   -0.0020366679
     0.063633602      0.16027153   -0.0024244514
      0.12743246      0.38513018   3.8204484e-05
      0.12168776      0.37854811   -0.0037340002
      0.11594884      0.37131413   -0.0013586186
      0.11021663      0.36332724  -0.00033318656
      0.10449222      0.35446464   -0.0036488774
     0.098776967      0.34457561    0.0037359332
     0.093072559      0.33347317    0.0033947180
     0.087381121      0.32092274    0.0020291560
     0.081705362      0.30662612   -0.0021419432
     0.076048795      0.29019893   4.0656847e-05
     0.070416043      0.27113779    0.0016688023
     0.064813316      0.24877186    0.0018554513
      0.12972401      0.42659793   -0.0012977491
      0.12394968      0.42206380    0.0010162628
      0.11817814      0.41708668   -0.0047830792
      0.11240984      0.41159862  -0.00081937685
      0.10664528      0.40551705   -0.0053587696
      0.10088512      0.39874075    0.0069771191
     0.095130154      0.39114418    0.0012246938
     0.089381384      0.38256988   -0.0013131346
     0.083640088      0.37281765   0.00052383939
     0.077907918      0.36162916   0.00058349992
     0.072187050      0.34866543   -0.0013326547
     0.066480399      0.33347317   -0.0020964740
      0.13223068      0.46656014   -0.0019849684
      0.12643766      0.46394375   0.00050343542
      0.12064559      0.46107613    0.0043991319
      0.11485462      0.45791930   -0.0067899292
      0.10906491      0.45442728    0.0044607566
      0.10327668      0.45054377   0.00047091151
     0.097490195      0.44619919  -0.00051334425
     0.091705780      0.44130643   -0.0044406479
     0.085923857      0.43575504   -0.0036794141
     0.080144964      0.42940287    0.0043663205
     0.074369807      0.42206380   -0.0047352697
     0.068599329      0.41348950   -0.0015181892
      0.13494047      0.50497673   3.2066315e-05
      0.12913864      0.50413999   -0.0014764164
      0.12333690      0.50322453    0.0040296256
      0.11753528      0.50221869   -0.0027577303
      0.11173379      0.50110840    0.0011940581
      0.10593246      0.49987650    0.0031123368
      0.10013130      0.49850186    0.0044845903
     0.094330353      0.49695814   7.9813558e-05
     0.088529662      0.49521213    0.0046000319
     0.082729279      0.49322127    0.0044324481
     0.076929273      0.49093020    0.0054755685
     0.071129737      0.48826551   -0.0023211441
      0.12064559    -0.024051622   0.00064829217
      0.12577009    -0.046155219    0.0036816440
      0.13095120    -0.066519054   -0.0049081426
      0.13618247    -0.085325698    0.0018346814
      0.14145834     -0.10273529    0.0016556457
      0.14677399     -0.11888845   -0.0024355851
      0.15212526     -0.13390888   -0.0011203038
      0.15750851     -0.14790557   -0.0012722683
      0.16292058     -0.16097476   -0.0038564868
      0.16835869     -0.17320164    0.0031783343
      0.17382038     -0.18466178   -0.0022925102
      0.17930351     -0.19542235   -0.0031255369
      0.11573083    -0.050162255   0.00022905516
      0.12092438    -0.072043881    0.0011567032
      0.12617105    -0.092114622    0.0020184073
      0.13146448     -0.11057601    0.0069585532
      0.13679924     -0.12760295   -0.0065641477
      0.14217068     -0.14334757    0.0066656556
      0.14757479     -0.15794247    0.0033248156
      0.15300811     -0.17150355    0.0018203385
      0.15846764     -0.18413242    0.0027811131
      0.16395076     -0.19591835   -0.0020052750
      0.16945517     -0.20694005    0.0024927459
      0.17497887     -0.21726707   -0.0037438668
      0.11090192    -0.078567520  -0.00074174416
      0.11616645     -0.10007333  -0.00034882348
      0.12148004     -0.11970623  -0.00091597564
      0.12683652     -0.13768733   -0.0012140326
      0.13223068     -0.15420639    0.0014805197
      0.13765808     -0.16942676   0.00026989772
      0.14311496     -0.18348949  -0.00030687909
      0.14859805     -0.19651685    0.0011835968
      0.15410457     -0.20861514    0.0055738074
      0.15963208     -0.21987715   0.00072736474
      0.16517849     -0.23038409   3.5853102e-05
      0.17074194     -0.24020735   0.00099225122
      0.10617060     -0.10953135    0.0023029800
      0.11150753     -0.13047058   -0.0010002989
      0.11688889     -0.14948952   -0.0010347327
      0.12230879     -0.16682869   -0.0021368920
      0.12776234     -0.18269205   0.00033753553
      0.13324541     -0.19725326  -0.00040998586
      0.13875449     -0.21066087    0.0038095987
      0.14428661     -0.22304243   1.8109718e-05
      0.14983921     -0.23450800    0.0027343257
      0.15541010     -0.24515288   0.00050478303
      0.16099738     -0.25505998    0.0025034663
      0.16659940     -0.26430167  -0.00022948514
      0.10155049     -0.14334757   0.00014877015
      0.10696057     -0.16348497    0.0016664855
      0.11240984     -0.18167678  -0.00061093482
      0.11789286     -0.19818148   -0.0028597235
      0.12340514     -0.21321551   -0.0014694222
      0.12894292     -0.22696108  -0.00052677072
      0.13450306     -0.23957243    0.0026391051
      0.14008289     -0.25118083    0.0015998403
      0.14568015     -0.26189855   -0.0026574535
      0.15129291     -0.27182213  -2.6618372e-05
      0.15691950     -0.28103490    0.0065792744
      0.16255848     -0.28960920    0.0067092989
     0.097057480     -0.18034032   -0.0028184263
      0.10254044     -0.19938764  -0.00052336350
      0.10805682     -0.21649590    0.0034092934
      0.11360176     -0.23193820   0.00087434656
      0.11917125     -0.24594018    0.0062038217
      0.12476203     -0.25868958   -0.0011162303
      0.13037134     -0.27034364   -0.0021705283
      0.13599690     -0.28103490    0.0024320078
      0.14163676     -0.29087578   0.00020325631
      0.14728929     -0.29996216  -0.00064328929
      0.15295308     -0.30837626   0.00035952995
      0.15862693     -0.31618896  -5.8383142e-05
     0.092710055     -0.22086238  -0.00010162641
     0.098264280     -0.23846921   -0.0021336224
      0.10384570     -0.25418785   -0.0022293378
      0.10945016     -0.26829992    0.0013706363
      0.11507430     -0.28103490    0.0012611939
      0.12071535     -0.29258139   0.00051753031
      0.12637106     -0.30309566   -0.0018535979
      0.13203954     -0.31270816    0.0049007949
      0.13771922     -0.32152856    0.0026398636
      0.14340877     -0.32964968   -0.0024889004
      0.14910705     -0.33715055   0.00014659035
      0.15481310     -0.34409885    0.0034419834
     0.088529662     -0.26529029   -0.0045294667
     0.094151697     -0.28103490    0.0040860524
     0.099794439     -0.29500214    0.0038873189
      0.10545456     -0.30747226    0.0067999851
      0.11112941     -0.31867040    0.0017799108
      0.11681685     -0.32877930    0.0038503075
      0.12251511     -0.33794873   0.00095283022
      0.12822275     -0.34630247  -0.00064344536
      0.13393858     -0.35394373    0.0050160492
      0.13966159     -0.36095912    0.0041699263
      0.14539093     -0.36742190   -0.0013110130
      0.15112589     -0.37339442    0.0049234360
     0.084541084     -0.31401438  -0.00010929820
     0.090225065     -0.32739588   0.00012712716
     0.095923286     -0.33918945    0.0052495118
      0.10163335     -0.34965915   -0.0040995855
      0.10735337     -0.35901409   -0.0045282541
      0.11308184     -0.36742190   -0.0067204228
      0.11881752     -0.37501847   -0.0018843810
      0.12455944     -0.38191504    0.0013395958
      0.13030675     -0.38820352    0.0010707903
      0.13605878     -0.39396051   -0.0020699199
      0.14181496     -0.39925032   -0.0070008948
      0.14757479     -0.40412734    0.0017283051
     0.080772740     -0.36742190    0.0033392146
     0.086509708     -0.37785557    0.0016544938
     0.092254922     -0.38699060    0.0020765424
     0.098006931     -0.39505398  -0.00068353368
      0.10376461     -0.40222294   -0.0029505813
      0.10952705     -0.40863786  -0.00076709643
      0.11529356     -0.41441129   0.00093491146
      0.12106354     -0.41963456   -0.0019118174
      0.12683652     -0.42438247    0.0032768372
      0.13261211     -0.42871690   -0.0026850829
      0.13838999     -0.43268948   0.00027304064
      0.14416987     -0.43634358    0.0012756579
     0.077256866     -0.42587049  -0.00056986090
     0.083033992     -0.43268948   0.00084614204
     0.088814477     -0.43862109    0.0053712251
     0.094597705     -0.44382761  -0.00044889234
      0.10038320     -0.44843409    0.0036975753
      0.10617060     -0.45253846    0.0084615886
      0.11195959     -0.45621843  -0.00064724945
      0.11774996     -0.45953653   -0.0016431254
      0.12354150     -0.46254355    0.0015167200
      0.12933406     -0.46528124    0.0038508195
      0.13512750     -0.46778420  -0.00023968389
      0.14092172     -0.47008135   -0.0039827568
     0.074029439     -0.48965004    0.0010791507
     0.079829224     -0.49211735    0.0019572548
     0.085629428     -0.49425041   -0.0024721351
     0.091429973     -0.49611283   0.00097800799
     0.097230797     -0.49775303   -0.0038303240
      0.10303185     -0.49920853    0.0016272245
      0.10883310     -0.50050887   -0.0043117867
      0.11463452     -0.50167759    0.0036622612
      0.12043608     -0.50273372  -0.00083465244
      0.12623776     -0.50369278   -0.0011300691
      0.13203954     -0.50456755    0.0044443899
      0.13784142     -0.50536868    0.0015290142
      0.12064559      -1.0231459   -0.0012098058
      0.11573083     -0.99703530   0.00072531206
      0.11090192     -0.96863003   0.00039537551
      0.10617060     -0.93766620   -0.0011662699
      0.10155049     -0.90384998    0.0010606220
     0.097057480     -0.86685723   0.00052788756
     0.092710055     -0.82633517   0.00025081522
     0.088529662     -0.78190727    0.0032724493
     0.084541084     -0.73318317   -0.0068528152
     0.080772740     -0.67977565    0.0020203827
     0.077256866     -0.62132707   -0.0013173165
     0.074029439     -0.55754751   -0.0092756258
      0.12577009      -1.0010423    0.0041717523
      0.12092438     -0.97515367    0.0053994088
      0.11616645     -0.94712422   -0.0010966167
      0.11150753     -0.91672697    0.0040324581
      0.10696057     -0.88371258    0.0037035701
      0.10254044     -0.84780991  -0.00058760783
     0.098264280     -0.80872834    0.0022468477
     0.094151697     -0.76616265   0.00085310168
     0.090225065     -0.71980168   0.00026599900
     0.086509708     -0.66934198   0.00035991086
     0.083033992     -0.61450807    0.0039558480
     0.079829224     -0.55508020  -0.00079866772
      0.13095120     -0.98067850  -0.00078892893
      0.12617105     -0.95508293  -0.00049859944
      0.12148004     -0.92749132  -0.00045252311
      0.11688889     -0.89770804   -0.0014047287
      0.11240984     -0.86552078   0.00081312528
      0.10805682     -0.83070165    0.0049420018
      0.10384570     -0.79300970   -0.0013126211
     0.099794439     -0.75219541    0.0012229405
     0.095923286     -0.70800810   -0.0013202586
     0.092254922     -0.66020695    0.0019802463
     0.088814477     -0.60857646   -0.0039570878
     0.085629428     -0.55294714    0.0021689083
      0.13618247     -0.96187185   -0.0018807022
      0.13146448     -0.93662154    0.0066116857
      0.12683652     -0.90951022   0.00054157852
      0.12230879     -0.88036886   -0.0020155829
      0.11789286     -0.84901607   -0.0023074586
      0.11360176     -0.81525936   -0.0021970098
      0.10945016     -0.77889763    0.0012192913
      0.10545456     -0.73972529    0.0012139661
      0.10163335     -0.69753840    0.0017811977
     0.098006931     -0.65214357  -0.00031245349
     0.094597705     -0.60336994    0.0042664978
     0.091429973     -0.55108472   -0.0045767382
      0.14145834     -0.94446226   -0.0027424418
      0.13679924     -0.91959460    0.0039876203
      0.13223068     -0.89299116   -0.0022020386
      0.12776234     -0.86450551   -0.0055500375
      0.12340514     -0.83398204   0.00029263475
      0.11917125     -0.80125737   1.1434921e-05
      0.11507430     -0.76616265    0.0030897621
      0.11112941     -0.72852715   -0.0014696467
      0.10735337     -0.68818346   0.00034268712
      0.10376461     -0.64497461    0.0030409947
      0.10038320     -0.59876346    0.0031058735
     0.097230797     -0.54944452    0.0069299874
      0.14677399     -0.92830910    0.0029128057
      0.14217068     -0.90384998    0.0017043292
      0.13765808     -0.87777079    0.0044002304
      0.13324541     -0.84994429  -0.00022002552
      0.12894292     -0.82023647   -0.0044327116
      0.12476203     -0.78850797    0.0040637350
      0.12071535     -0.75461616    0.0069241514
      0.11681685     -0.71841825   -0.0024319133
      0.11308184     -0.67977565  -0.00094166014
      0.10952705     -0.63855970   -0.0026269968
      0.10617060     -0.59465910   -0.0011137904
      0.10303185     -0.54798902    0.0013532390
      0.15212526     -0.91328867   -0.0044544631
      0.14757479     -0.88925508    0.0020239827
      0.14311496     -0.86370806    0.0030430600
      0.13875449     -0.83653668   0.00075849815
      0.13450306     -0.80762512    0.0030152816
      0.13037134     -0.77685391  -0.00049943077
      0.12637106     -0.74410189   -0.0013226069
      0.12251511     -0.70924883    0.0022516180
      0.11881752     -0.67217908    0.0040791407
      0.11529356     -0.63278626    0.0020888295
      0.11195959     -0.59097912   3.7241367e-05
      0.10883310     -0.54668868   -0.0045620460
      0.15750851     -0.89929199   -0.0016110197
      0.15300811     -0.87569400    0.0012334282
      0.14859805     -0.85068070   -0.0051042805
      0.14428661     -0.82415512  -0.00055239624
      0.14008289     -0.79601672    0.0012148754
      0.13599690     -0.76616265   0.00045695200
      0.13203954     -0.73448939   0.00047450482
      0.12822275     -0.70089508    0.0017862083
      0.12455944     -0.66528251   0.00036825921
      0.12106354     -0.62756299    0.0030624284
      0.11774996     -0.58766102   -0.0024059509
      0.11463452     -0.54551996    0.0044694219
      0.16292058     -0.88622279   -0.0013368366
      0.15846764     -0.86306513   -0.0027814650
      0.15410457     -0.83858241   -0.0018390194
      0.14983921     -0.81268955    0.0034756184
      0.14568015     -0.78529900   -0.0013945964
      0.14163676     -0.75632177    0.0021669959
      0.13771922     -0.72566899   0.00072922484
      0.13393858     -0.69325382  -0.00056391101
      0.13030675     -0.65899403   -0.0038353030
      0.12683652     -0.62281508   -0.0045571744
      0.12354150     -0.58465400    0.0033507096
      0.12043608     -0.54446383    0.0043444819
      0.16835869     -0.87399591    0.0065344047
      0.16395076     -0.85127920    0.0032793523
      0.15963208     -0.82732041    0.0028958150
      0.15541010     -0.80204467   -0.0023609131
      0.15129291     -0.77537543  -0.00042344787
      0.14728929     -0.74723539    0.0018820602
      0.14340877     -0.71754787    0.0040394898
      0.13966159     -0.68623843   -0.0012692847
      0.13605878     -0.65323704   -0.0012301869
      0.13261211     -0.61848065    0.0016261758
      0.12933406     -0.58191631   0.00021086407
      0.12623776     -0.54350478  -0.00010491929
      0.17382038     -0.86253578    0.0053762334
      0.16945517     -0.84025751    0.0023230838
      0.16517849     -0.81681346    0.0011727163
      0.16099738     -0.79213757  -0.00079660021
      0.15691950     -0.76616265    0.0021889807
      0.15295308     -0.73882129    0.0039537082
      0.14910705     -0.71004701    0.0055293087
      0.14539093     -0.67977565  -0.00050694650
      0.14181496     -0.64794723    0.0026741676
      0.13838999     -0.61450807    0.0036830013
      0.13512750     -0.57941335   -0.0038521964
      0.13203954     -0.54263000   -0.0030724956
      0.17930351     -0.85177521    0.0041511705
      0.17497887     -0.82993048    0.0036267286
      0.17074194     -0.80699020    0.0027840650
      0.16659940     -0.78289588    0.0022451118
      0.16255848     -0.75758835   -0.0037031702
      0.15862693     -0.73100859   -0.0066604380
      0.15481310     -0.70309870   -0.0041254824
      0.15112589     -0.67380313    0.0062641703
      0.14757479     -0.64307021    0.0013997890
      0.14416987     -0.61085397   -0.0023265342
      0.14092172     -0.57711621    0.0013920170
      0.13784142     -0.54182887   0.00082031102
      0.11810689      -1.0594810  -0.00068179118
      0.11832053      -1.1085407   -0.0016948354
      0.11881752      -1.1573068   0.00049987383
      0.11959435      -1.2055531    0.0010728961
      0.12064559      -1.2530678   -0.0023996576
      0.12196416      -1.2996585  -8.9703185e-05
      0.12354150      -1.3451564    0.0016602046
      0.12536783      -1.3894182    0.0026323011
      0.12743246      -1.4323277   -0.0012467089
      0.12972401      -1.4737955   -0.0043879619
      0.13223068      -1.5137577  -8.5623530e-05
      0.13494047      -1.5521743  -0.00014355638
      0.11308184      -1.0343682   0.00069352941
      0.11315626      -1.0856686   -0.0017842199
      0.11352763      -1.1367673   0.00075839449
      0.11419305      -1.1874017    0.0012738250
      0.11514743      -1.2373232   0.00059274415
      0.11638365      -1.2863043    0.0029474893
      0.11789286      -1.3341438    0.0036168217
      0.11966472      -1.3806707    0.0012040003
      0.12168776      -1.4257457    0.0036524237
      0.12394968      -1.4692613   0.00030587085
      0.12643766      -1.5111413    0.0022248772
      0.12913864      -1.5513375   -0.0011416369
      0.10813470      -1.0069391    0.0018432236
      0.10805682      -1.0606235  -0.00031655066
      0.10829029      -1.1142307  -0.00031477674
      0.10883310      -1.1674552  -0.00066833045
      0.10968067      -1.2200044   -0.0034892629
      0.11082599      -1.2716078   0.00061747957
      0.11225996      -1.3220245    0.0032540397
      0.11397167      -1.3710485   -0.0069455290
      0.11594884      -1.4185117  -0.00019717239
      0.11817814      -1.4642842    0.0020332372
      0.12064559      -1.5082737  -0.00020237697
      0.12333690      -1.5504221    0.0030717741
      0.10327668     -0.97690498   -0.0058380853
      0.10303185      -1.0331168    0.0023524198
      0.10311353      -1.0894176  -1.8335028e-05
      0.10352093      -1.1454521   -0.0012446383
      0.10425025      -1.2008751    0.0011886632
      0.10529478      -1.2553634    0.0020135683
      0.10664528      -1.3086268   0.00012652172
      0.10829029      -1.3604156    0.0030069084
      0.11021663      -1.4105248   0.00019998582
      0.11240984      -1.4587962  -0.00068118030
      0.11485462      -1.5051169    0.0022024384
      0.11753528      -1.5494162    0.0021194035
     0.098520957     -0.94393914    0.0013796866
     0.098092789      -1.0028152   -0.0037775907
     0.098006931      -1.0620003    0.0013862942
     0.098264280      -1.1210821   0.00049882291
     0.098862156      -1.1796521   -0.0039912013
     0.099794439      -1.2373232   -0.0014702097
      0.10105187      -1.2937431   -0.0044160308
      0.10262251      -1.3486067    0.0032174521
      0.10449222      -1.4016622   0.00058785060
      0.10664528      -1.4527146   0.00029209566
      0.10906491      -1.5016248   -0.0036871046
      0.11173379      -1.5483060    0.0020077958
     0.093883075     -0.90767348   -0.0019386635
     0.093253282     -0.96933498   -0.0043347176
     0.092982065      -1.0315948    0.0032598205
     0.093072559      -1.0939756   -0.0022962985
     0.093523713      -1.1559947    0.0037961065
     0.094330353      -1.2171858    0.0034250729
     0.095483470      -1.2771194    0.0035778383
     0.096970705      -1.3354193    0.0015870814
     0.098776967      -1.3917732   -0.0015696605
      0.10088512      -1.4459383   0.00082831756
      0.10327668      -1.4977413    0.0014648381
      0.10593246      -1.5470741   -0.0020087453
     0.089381384     -0.86769763   0.00052322903
     0.088529662     -0.93223663    0.0016286842
     0.088052924     -0.99775072   -0.0017174309
     0.087957266      -1.0636918   9.1914071e-05
     0.088243928      -1.1294899   -0.0023640046
     0.088909212      -1.1945825   -0.0017547844
     0.089944717      -1.2584426   0.00016488712
     0.091337852      -1.3206024   -0.0013602298
     0.093072559      -1.3806707  -0.00082191977
     0.095130154      -1.4383417    0.0036796634
     0.097490195      -1.4933967   -0.0022556429
      0.10013130      -1.5456994   -0.0058122014
     0.085037513     -0.82356093   -0.0072078795
     0.083941494     -0.89102068   -0.0012384644
     0.083236514     -0.95994235   4.6297036e-05
     0.082932545      -1.0297039   0.00086070698
     0.083033992      -1.0996358    0.0011655851
     0.083539377      -1.1690590    0.0024553440
     0.084441448      -1.2373232    0.0020950009
     0.085727684      -1.3038422    0.0012110618
     0.087381121      -1.3681203    0.0051151158
     0.089381384      -1.4297674    0.0025276421
     0.091705780      -1.4885040   0.00076375274
     0.094330353      -1.5441557   -0.0015649877
     0.080876896     -0.77477960    0.0014882425
     0.079512230     -0.84512734    0.0022488307
     0.078553575     -0.91755929    0.0012638784
     0.078015899     -0.99138298    0.0031008419
     0.077907918      -1.0658196    0.0023588355
     0.078231413      -1.1400508   -0.0047424721
     0.078981081      -1.2132715    0.0015341830
     0.080144964      -1.2847410    0.0029462058
     0.081705362      -1.3538237   -0.0023061521
     0.083640088      -1.4200152   -0.0011582079
     0.085923857      -1.4829526    0.0056694106
     0.088529662      -1.5424097   -0.0020487013
     0.076929273     -0.72085204   -0.0028391820
     0.075269928     -0.79394241    0.0035359971
     0.074029439     -0.86990125  -0.00083514537
     0.073229098     -0.94798125   -0.0010682495
     0.072883404      -1.0272916   0.00072279379
     0.072998817      -1.1068526    0.0036305142
     0.073573167      -1.1856661    0.0041271588
     0.074595855      -1.2627890    0.0040891213
     0.076048795      -1.3373965  -0.00059088036
     0.077907918      -1.4088267   0.00093096337
     0.080144964      -1.4766004   -0.0029533572
     0.082729279      -1.5404188   -0.0010096921
     0.073229098     -0.66128611   -0.0026329405
     0.071247991     -0.73681429    0.0016908979
     0.069695040     -0.81618017   6.5809085e-06
     0.068599329     -0.89861725  -0.00059902267
     0.067982971     -0.98313530   0.00090018250
     0.067859027      -1.0685776    0.0025354230
     0.068230182      -1.1537096   -0.0033200695
     0.069088457      -1.2373232    0.0015329136
     0.070416043      -1.3183353   -0.0012635820
     0.072187050      -1.3958630   0.00084410544
     0.074369807      -1.4692613  -0.00051044643
     0.076929273      -1.5381277   0.00039068995
     0.069815724     -0.59564266    0.0016934903
     0.067485831     -0.67308829  -0.00022362023
     0.065588004     -0.75553697   -0.0021623765
     0.064160597     -0.84226918    0.0011399654
     0.063235473     -0.93223663    0.0052996168
     0.062834822      -1.0241076   0.00064767288
     0.062968656      -1.1163691   -0.0021128839
     0.063633602      -1.2074691    0.0044561329
     0.064813316      -1.2959694    0.0034271353
     0.066480399      -1.3806707    0.0026804914
     0.068599329      -1.4606871   -0.0061023883
     0.071129737      -1.5354631   -0.0014294410
      0.12313197      -1.0589797   0.00088359615
      0.12815708      -1.0358774    0.0042616861
      0.13324541      -1.0145290   -0.0042893028
      0.13838999     -0.99475928   -0.0055130792
      0.14358476     -0.97641334   -0.0010429250
      0.14882449     -0.95935382   -0.0011990745
      0.15410457     -0.94345895   -0.0023695338
      0.15942100     -0.92862067    0.0019151471
      0.16477026     -0.91474295   -0.0054579223
      0.17014926     -0.90174030   0.00037282860
      0.17555525     -0.88953649    0.0019103353
      0.18098583     -0.87806342  -0.00047995371
      0.12333690      -1.1060428  -0.00040612228
      0.12822275      -1.0811463    0.0042984697
      0.13318222      -1.0580905    0.0017657444
      0.13820737      -1.0367007   -0.0031478470
      0.14329131      -1.0168200   0.00023694888
      0.14842800     -0.99830855   -0.0039427921
      0.15361213     -0.98104093    0.0022030313
      0.15883907     -0.96490521  -0.00029572307
      0.16410473     -0.94980126    0.0045838287
      0.16940548     -0.93563947   -0.0020277570
      0.17473815     -0.92233952    0.0011939763
      0.18009990     -0.90982937    0.0015409965
      0.12381377      -1.1528466   0.00018329738
      0.12855060      -1.1262765   0.00042778079
      0.13337171      -1.1016108   0.00077409569
      0.13826827      -1.0786790    0.0020605374
      0.14323255      -1.0573262    0.0023059209
      0.14825775      -1.0374123   -0.0020449698
      0.15333787      -1.0188109   1.0732745e-05
      0.15846764      -1.0014081   -0.0030852346
      0.16364239     -0.98510130   -0.0010620243
      0.16885797     -0.96979797    0.0037784953
      0.17411073     -0.95541480   -0.0047510280
      0.17939739     -0.94187669    0.0027060476
      0.12455944      -1.1991907    0.0046593035
      0.12913864      -1.1710863    0.0020088691
      0.13381282      -1.1449258    0.0041152879
      0.13857236      -1.1205467   -0.0011366286
      0.14340877      -1.0977991    0.0045434642
      0.14831452      -1.0765459  -0.00035369713
      0.15328296      -1.0566620    0.0020483830
      0.15830819      -1.0380335   -0.0037859671
      0.16338496      -1.0205569   -0.0010704120
      0.16850863      -1.0041383   0.00025328992
      0.17367503     -0.98869263   -0.0020872095
      0.17888046     -0.97414255  -0.00035260105
      0.12556912      -1.2448866   -0.0029894031
      0.12998333      -1.2154020    0.0018645793
      0.13450306      -1.1878763   -0.0070479236
      0.13911804      -1.1621585   -0.0021345594
      0.14381909      -1.1381068    0.0034748845
      0.14859805      -1.1155899    0.0042804803
      0.15344764      -1.0944861   0.00023414085
      0.15836136      -1.0746835    0.0013951197
      0.16333343      -1.0560796    0.0021238810
      0.16835869      -1.0385806   -0.0017535720
      0.17343250      -1.0221006   -0.0014970034
      0.17855073      -1.0065615   0.00063043820
      0.12683652      -1.2897614    0.0030676060
      0.13107971      -1.2590610    0.0019299694
      0.13543864      -1.2303109    0.0013340879
      0.13990249      -1.2033744   -0.0018472478
      0.14446154      -1.1781207    0.0081421919
      0.14910705      -1.1544263   -0.0022439983
      0.15383119      -1.1321752   0.00056154952
      0.15862693      -1.1112598    0.0045160791
      0.16348798      -1.0915799    0.0026521648
      0.16840868      -1.0730433    0.0057591334
      0.17338395      -1.0555648   -0.0021758448
      0.17840922      -1.0390660    0.0010792186
      0.12835399      -1.3336620  -0.00078958102
      0.13242153      -1.3019156   -0.0048289214
      0.13661451      -1.2720893  -0.00014907799
      0.14092172      -1.2440625   -0.0022945062
      0.14533302      -1.2177175    0.0016491177
      0.14983921      -1.1929408    0.0020846575
      0.15443199      -1.1696241  -0.00094820237
      0.15910385      -1.1476653    0.0010880232
      0.16384803      -1.1269687    0.0051418903
      0.16865843      -1.1074447  -0.00040963175
      0.17352955      -1.0890101    0.0043833886
      0.17845640      -1.0715878    0.0039483795
      0.13011279      -1.3764565   -0.0033929274
      0.13400142      -1.3438352    0.0059349080
      0.13802452      -1.3130845   -0.0014152272
      0.14217068      -1.2841012   -0.0036928821
      0.14642945      -1.2567819   -0.0015303589
      0.15079129      -1.2310249   -0.0039911246
      0.15524751      -1.2067311    0.0036113056
      0.15979021      -1.1838057    0.0069265157
      0.16441223      -1.1621585  -1.4970485e-05
      0.16910706      -1.1417040   -0.0042155527
      0.17386881      -1.1223622    0.0034515613
      0.17869211      -1.1040581   0.00057869663
      0.13210329      -1.4180357    0.0012551176
      0.13581107      -1.3847081    0.0033970783
      0.13966159      -1.3531848  -0.00045741555
      0.14364338      -1.3233808   -0.0071679986
      0.14774583      -1.2952081    0.0013050965
      0.15195916      -1.2685774    0.0015067037
      0.15627440      -1.2434005  -0.00020822025
      0.16068334      -1.2195907    0.0028320072
      0.16517849      -1.1970647   0.00057976765
      0.16975298      -1.1757423   -0.0010885403
      0.17440059      -1.1555477    0.0049799696
      0.17911561      -1.1364088    0.0069930935
      0.13431517      -1.4583133    0.0042437293
      0.13784142      -1.4244417    0.0010968639
      0.14151784      -1.3922947   -0.0011466960
      0.14533302      -1.3618053    0.0032638382
      0.14927633      -1.3329010   2.3460369e-05
      0.15333787      -1.3055060   -0.0015970646
      0.15750851      -1.2795432    0.0018297914
      0.16177981      -1.2549354   0.00057234153
      0.16614400      -1.2316069    0.0017855336
      0.17059396      -1.2094839  -0.00064225193
      0.17512315      -1.1884954    0.0033429388
      0.17972557      -1.1685734  -0.00071456285
      0.13673769      -1.4972251    0.0021915334
      0.14008289      -1.4629631    0.0030112422
      0.14358476      -1.4303355    0.0022004295
      0.14723213      -1.3992928  -0.00016680122
      0.15101444      -1.3697778    0.0024602606
      0.15492181      -1.3417281    0.0018502619
      0.15894503      -1.3150784    0.0037545698
      0.16307552      -1.2897614  -0.00096108647
      0.16730534      -1.2657098   0.00072838572
      0.17162713      -1.2428568    0.0050520928
      0.17603413      -1.2211372  -0.00080969369
      0.18052009      -1.2004877   -0.0045070982
      0.13935988      -1.5347276    0.0013004152
      0.14252552      -1.5002178    0.0032833425
      0.14585341      -1.4672450    0.0040717828
      0.14933271      -1.4357757   -0.0016649812
      0.15295308      -1.4057676    0.0055076891
      0.15670476      -1.3771716   -0.0016677939
      0.16057853      -1.3499339    0.0073929142
      0.16456577      -1.3239976    0.0068581605
      0.16865843      -1.2993041    0.0048520658
      0.17284904      -1.2757942   -0.0044102824
      0.17713063      -1.2534089    0.0017429764
      0.18149677      -1.2320904   -0.0023477257
