    0.0029014425      0.52359878    0.0015941353
    0.0076764953       1.2373232   -0.0020236973
     0.013296080       1.3806707   -0.0032726820
     0.019026031       1.4383417    0.0012702424
     0.024789936       1.4692613    0.0051886787
     0.030568593       1.4885040   -0.0069274068
     0.036354970       1.5016248   0.00030927114
     0.042145887       1.5111413  -0.00068183882
     0.047939698       1.5183581    0.0038447748
     0.053735467       1.5240183    0.0035719744
     0.059532623       1.5285763   -0.0019648401
     0.065330796       1.5323253   -0.0067342379
    0.0076764953     -0.19012560   -0.0051652746
    0.0087043275      0.52359878  -0.00082496155
     0.012647095      0.93223663  -0.00036735100
     0.017648786       1.1294899   -0.0022787717
     0.023029486       1.2373232   -0.0017851004
     0.028575895       1.3038422    0.0035933076
     0.034207502       1.3486067    0.0034719073
     0.039888240       1.3806707   0.00099990433
     0.045599748       1.4047223   -0.0020102111
     0.051331758       1.4234114    0.0026319012
     0.057078092       1.4383417    0.0022675342
     0.062834822       1.4505387    0.0042594039
     0.013296080     -0.33347317  -0.00041090733
     0.012647095      0.11496092   -0.0045206043
     0.014507212      0.52359878   -0.0022247443
     0.018119503      0.80463368   -0.0062944893
     0.022660990      0.98313530    0.0022805137
     0.027677997       1.0996358    0.0042394642
     0.032954052       1.1796521   -0.0043093309
     0.038382476       1.2373232    0.0031753810
     0.043906792       1.2805974    0.0040008268
     0.049494901       1.3141517   -0.0039379404
     0.055127407       1.3408745    0.0052983682
     0.060791971       1.3626305    0.0036381129
     0.019026031     -0.39114418    0.0045565550
     0.017648786    -0.082292343   -0.0016865894
     0.018119503      0.24256387  -0.00020975981
     0.020310097      0.52359878    0.0016314120
     0.023749330      0.73681429   -0.0058439381
     0.027980498      0.89102068   0.00026717391
     0.032697596       1.0028152    0.0066631639
     0.037718752       1.0856686    0.0031635607
     0.042937428       1.1487325  -0.00086472976
     0.048289627       1.1979787   -0.0017196062
     0.053735467       1.2373232    0.0019921746
     0.059249132       1.2693872   0.00097089554
     0.024789936     -0.42206380  -0.00067254763
     0.023029486     -0.19012560    0.0033244852
     0.022660990     0.064062249   -0.0054895463
     0.023749330      0.31038327    0.0037229320
     0.026112982      0.52359878    0.0036334776
     0.029446425      0.69510233   -0.0045833193
     0.033461067      0.82868530    0.0016216013
     0.037941284      0.93223663    0.0010623191
     0.042740917       1.0132488    0.0025491633
     0.047763772       1.0775751    0.0034800418
     0.052946357       1.1294899   0.00084822868
     0.058246052       1.1720556   -0.0020822580
     0.030568593     -0.44130643    0.0039978627
     0.028575895     -0.25664466   -0.0063218598
     0.027677997    -0.052438271    0.0042296441
     0.027980498      0.15617687    0.0012047902
     0.029446425      0.35209522   -0.0069179501
     0.031915867      0.52359878    0.0061472023
     0.035178121      0.66694634   -0.0041958035
     0.039034916      0.78401695    0.0021829196
     0.043327776      0.87899313   -0.0016857487
     0.047939698      0.95628825    0.0022148662
     0.052787119       1.0197116   -0.0028551041
     0.057810832       1.0722945   -0.0071946117
     0.036354970     -0.45442728    0.0019264905
     0.034207502     -0.30140915   -0.0012836133
     0.032954052     -0.13245460  -0.00035861945
     0.032697596     0.044382395    0.0023025490
     0.033461067      0.21851225    0.0039739538
     0.035178121      0.38025121   -0.0041481426
     0.037718752      0.52359878   -0.0022355377
     0.040929883      0.64669121    0.0027213195
     0.044667139      0.75055985  -6.3240282e-05
     0.048809818      0.83761316   -0.0020730921
     0.053263404      0.91058938   -0.0064711287
     0.057956268      0.97203287   8.5760041e-05
     0.042145887     -0.46394375    0.0018778597
     0.039888240     -0.33347317    0.0035606415
     0.038382476     -0.19012560   0.00021556080
     0.037718752    -0.038471027   -0.0022521200
     0.037941284      0.11496092   -0.0029710945
     0.039034916      0.26318061    0.0063134199
     0.040929883      0.40050634    0.0040736174
     0.043521637      0.52359878    0.0042550376
     0.046694298      0.63143204    0.0043995673
     0.050338146      0.72461735   -0.0010527642
     0.054358508      0.80463368   -0.0042285689
     0.058678043      0.87325792    0.0014972602
     0.047939698     -0.47116050   -0.0048910816
     0.045599748     -0.35752479    0.0018116805
     0.043906792     -0.23339984  -1.7709483e-05
     0.042937428     -0.10153498    0.0014084948
     0.042740917     0.033948732    0.0012053086
     0.043327776      0.16820442   -0.0035857887
     0.044667139      0.29663770   -0.0011188829
     0.046694298      0.41576552    0.0016649918
     0.049324522      0.52359878    0.0018064223
     0.052467195      0.61952847    0.0048838874
     0.056036162      0.70393909   -0.0019935260
     0.059955345      0.77778663   -0.0018288502
     0.053735467     -0.47682074   0.00058973215
     0.051331758     -0.37621381   -0.0017916046
     0.049494901     -0.26695412   0.00093744760
     0.048289627     -0.15078113    0.0043286417
     0.047763772    -0.030377509   1.7398540e-06
     0.047939698     0.090909298   -0.0035971606
     0.048809818      0.20958439   -0.0027580823
     0.050338146      0.32258020    0.0040942621
     0.052467195      0.42766908   -0.0019543795
     0.055127407      0.52359878    0.0049126414
     0.058246052      0.60998578   -0.0028535721
     0.061753712      0.68708375  -0.00088279088
     0.059532623     -0.48137874   -0.0010145825
     0.057078092     -0.39114418   -0.0065374287
     0.055127407     -0.29367693   -0.0017785768
     0.053735467     -0.19012560   -0.0020090817
     0.052946357    -0.082292343   0.00064890744
     0.052787119     0.027485946   -0.0060645161
     0.053263404      0.13660817   0.00093731490
     0.054358508      0.24256387   0.00024796295
     0.056036162      0.34325846  -2.0315104e-05
     0.058246052      0.43721177   -0.0041597189
     0.060930292      0.52359878   -0.0010182472
     0.064029255      0.60216630   -0.0011257679
     0.065330796     -0.48512775   0.00088986054
     0.062834822     -0.40334111   -0.0034509810
     0.060791971     -0.31543293    0.0037582852
     0.059249132     -0.22218963    0.0034680653
     0.058246052     -0.12485803    0.0035391457
     0.057810832    -0.025096915    0.0026574039
     0.057956268     0.075164683   -0.0034367611
     0.058678043      0.17393963   -0.0045754613
     0.059955345      0.26941092   -0.0010662347
     0.061753712      0.36011380   0.00015162197
     0.064029255      0.44503126  -0.00026119679
     0.066733177      0.52359878   -0.0016497403
    0.0029014425       2.6179939    0.0018452594
    0.0076764953      -2.9514671  -0.00049492541
     0.013296080      -2.8081195    0.0019588013
     0.019026031      -2.7504485    0.0030393879
     0.024789936      -2.7195289   3.9450884e-05
     0.030568593      -2.7002862   -0.0011867426
     0.036354970      -2.6871654  -0.00016749297
     0.042145887      -2.6776489  -0.00076900504
     0.047939698      -2.6704321    0.0029974173
     0.053735467      -2.6647719  -0.00071724897
     0.059532623      -2.6602139   0.00073226232
     0.065330796      -2.6564649    0.0039113753
    0.0076764953       1.9042695    0.0044638292
    0.0087043275       2.6179939   0.00041309476
     0.012647095       3.0266317   -0.0044844732
     0.017648786      -3.0593003    0.0076291799
     0.023029486      -2.9514671  -0.00062323560
     0.028575895      -2.8849480    0.0055252361
     0.034207502      -2.8401835    0.0061230302
     0.039888240      -2.8081195   0.00038492912
     0.045599748      -2.7840679    0.0019353277
     0.051331758      -2.7653788    0.0010786771
     0.057078092      -2.7504485    0.0040692323
     0.062834822      -2.7382515   -0.0051301588
     0.013296080       1.7609219   -0.0016086360
     0.012647095       2.2093560    0.0028586662
     0.014507212       2.6179939    0.0021334054
     0.018119503       2.8990288    0.0023070266
     0.022660990       3.0775304   -0.0020412162
     0.027677997      -3.0891544    0.0020401205
     0.032954052      -3.0091381   0.00072397339
     0.038382476      -2.9514671    0.0024202482
     0.043906792      -2.9081928   -0.0017521692
     0.049494901      -2.8746385    0.0013852830
     0.055127407      -2.8479157  -3.3307468e-05
     0.060791971      -2.8261597    0.0062929465
     0.019026031       1.7032509    0.0029415358
     0.017648786       2.0121028   -0.0037699298
     0.018119503       2.3369590   -0.0011345922
     0.020310097       2.6179939  -0.00034968108
     0.023749330       2.8312094    0.0013537046
     0.027980498       2.9854158    0.0028658252
     0.032697596       3.0972103  -9.6491013e-06
     0.037718752      -3.1031216   0.00021665707
     0.042937428      -3.0400577    0.0043403629
     0.048289627      -2.9908115    0.0017394782
     0.053735467      -2.9514671    0.0016323392
     0.059249132      -2.9194030  -0.00045909187
     0.024789936       1.6723313    0.0015944490
     0.023029486       1.9042695    0.0043652495
     0.022660990       2.1584574  -0.00070209545
     0.023749330       2.4047784   -0.0014739440
     0.026112982       2.6179939   0.00061474951
     0.029446425       2.7894974   -0.0059724994
     0.033461067       2.9230804   -0.0049119502
     0.037941284       3.0266317    0.0013559418
     0.042740917       3.1076439   -0.0037450182
     0.047763772      -3.1112151   0.00081130271
     0.052946357      -3.0593003    0.0044409203
     0.058246052      -3.0167346    0.0015623312
     0.030568593       1.6530887   -0.0042303142
     0.028575895       1.8377504   -0.0063288919
     0.027677997       2.0419568    0.0045356138
     0.027980498       2.2505720    0.0018691154
     0.029446425       2.4464903    0.0020695966
     0.031915867       2.6179939    0.0015384180
     0.035178121       2.7613414    0.0013596557
     0.039034916       2.8784120   0.00088936726
     0.043327776       2.9733882    0.0024194311
     0.047939698       3.0506834   -0.0037982129
     0.052787119       3.1141067   -0.0026642013
     0.057810832      -3.1164957   -0.0011404095
     0.036354970       1.6399678    0.0028905520
     0.034207502       1.7929860    0.0030979682
     0.032954052       1.9619405    0.0021324760
     0.032697596       2.1387775    0.0016576430
     0.033461067       2.3129074   0.00075341515
     0.035178121       2.4746463   -0.0037425050
     0.037718752       2.6179939   0.00031221790
     0.040929883       2.7410863   -0.0017220628
     0.044667139       2.8449550   0.00026643845
     0.048809818       2.9320083   -0.0011462133
     0.053263404       3.0049845   3.8212973e-05
     0.057956268       3.0664280   -0.0032713011
     0.042145887       1.6304514    0.0031604671
     0.039888240       1.7609219    0.0016804580
     0.038382476       1.9042695   -0.0014289025
     0.037718752       2.0559241   -0.0033563680
     0.037941284       2.2093560   -0.0044832302
     0.039034916       2.3575757    0.0040918324
     0.040929883       2.4949014    0.0056537877
     0.043521637       2.6179939   -0.0022028002
     0.046694298       2.7258271   0.00012880899
     0.050338146       2.8190125   0.00083931957
     0.054358508       2.8990288    0.0024546426
     0.058678043       2.9676530    0.0057094243
     0.047939698       1.6232346    0.0018008027
     0.045599748       1.7368703   -0.0041664543
     0.043906792       1.8609953   0.00075595352
     0.042937428       1.9928601   -0.0013985207
     0.042740917       2.1283438   -0.0028658820
     0.043327776       2.2625995    0.0053238138
     0.044667139       2.3910328   -0.0016116353
     0.046694298       2.5101606   -0.0061855370
     0.049324522       2.6179939   2.1891589e-05
     0.052467195       2.7139236   -0.0015331993
     0.056036162       2.7983342   0.00088318195
     0.059955345       2.8721817    0.0078756980
     0.053735467       1.6175744    0.0031337068
     0.051331758       1.7181813    0.0010441148
     0.049494901       1.8274410   -0.0010531961
     0.048289627       1.9436140   -0.0021794783
     0.047763772       2.0640176  -0.00036864178
     0.047939698       2.1853044   -0.0010399327
     0.048809818       2.3039795    0.0040594375
     0.050338146       2.4169753    0.0032527981
     0.052467195       2.5220642    0.0032738557
     0.055127407       2.6179939   -0.0044044393
     0.058246052       2.7043809   -0.0034625511
     0.061753712       2.7814789    0.0040715073
     0.059532623       1.6130164   -0.0024190114
     0.057078092       1.7032509   -0.0070594846
     0.055127407       1.8007182    0.0015763667
     0.053735467       1.9042695   -0.0054849121
     0.052946357       2.0121028   0.00096050164
     0.052787119       2.1218810    0.0032230651
     0.053263404       2.2310033    0.0067586702
     0.054358508       2.3369590    0.0027491673
     0.056036162       2.4376536    0.0023486921
     0.058246052       2.5316069    0.0011162634
     0.060930292       2.6179939    0.0029946152
     0.064029255       2.6965614  -0.00033172117
     0.065330796       1.6092674   -0.0018267726
     0.062834822       1.6910540  -0.00056288189
     0.060791971       1.7789622   0.00058305400
     0.059249132       1.8722055   -0.0020810835
     0.058246052       1.9695371    0.0014181116
     0.057810832       2.0692982   -0.0015638893
     0.057956268       2.1695598   -0.0086114961
     0.058678043       2.2683347   -0.0016563671
     0.059955345       2.3638060   0.00054183366
     0.061753712       2.4545089    0.0032535162
     0.064029255       2.5394264   6.1881616e-05
     0.066733177       2.6179939    0.0042019850
    0.0029014425      -1.5707963  -0.00078074567
    0.0076764953     -0.85707195    0.0012828119
     0.013296080     -0.71372438   -0.0014346945
     0.019026031     -0.65605337    0.0033297329
     0.024789936     -0.62513375    0.0042039873
     0.030568593     -0.60589112    0.0018301658
     0.036354970     -0.59277027   -0.0057286208
     0.042145887     -0.58325380    0.0015457118
     0.047939698     -0.57603705  -0.00099840214
     0.053735467     -0.57037681    0.0021169406
     0.059532623     -0.56581881   -0.0013231194
     0.065330796     -0.56206980   7.3383840e-05
    0.0076764953      -2.2845207    0.0055069998
    0.0087043275      -1.5707963    0.0037150245
     0.012647095      -1.1621585   -0.0065643028
     0.017648786     -0.96490521   0.00092412928
     0.023029486     -0.85707195   0.00012285334
     0.028575895     -0.79055289  -0.00050185266
     0.034207502     -0.74578840  -0.00099177672
     0.039888240     -0.71372438   -0.0013613341
     0.045599748     -0.68967276    0.0019155332
     0.051331758     -0.67098374    0.0015665001
     0.057078092     -0.65605337    0.0018876941
     0.062834822     -0.64385644   -0.0021760539
     0.013296080      -2.4278683    0.0018119535
     0.012647095      -1.9794342   1.7874245e-05
     0.014507212      -1.5707963    0.0040832430
     0.018119503      -1.2897614   -0.0024598378
     0.022660990      -1.1112598    0.0049701440
     0.027677997     -0.99475928   -0.0021173148
     0.032954052     -0.91474295   -0.0040303317
     0.038382476     -0.85707195   -0.0021679339
     0.043906792     -0.81379771   -0.0032297260
     0.049494901     -0.78024343    0.0012683158
     0.055127407     -0.75352062   -0.0053875221
     0.060791971     -0.73176462   -0.0066822719
     0.019026031      -2.4855393    0.0044673443
     0.017648786      -2.1766874    0.0013232785
     0.018119503      -1.8518312    0.0066572808
     0.020310097      -1.5707963   0.00028617978
     0.023749330      -1.3575808  -0.00054510071
     0.027980498      -1.2033744    0.0030560287
     0.032697596      -1.0915799   -0.0044486788
     0.037718752      -1.0087265   0.00029530449
     0.042937428     -0.94566257   -0.0029794406
     0.048289627     -0.89641642   -0.0087201605
     0.053735467     -0.85707195    0.0039347267
     0.059249132     -0.82500793    0.0018380785
     0.024789936      -2.5164589   9.8298660e-05
     0.023029486      -2.2845207   -0.0045095071
     0.022660990      -2.0303329   -0.0020758114
     0.023749330      -1.7840118   -0.0030704028
     0.026112982      -1.5707963    0.0013875524
     0.029446425      -1.3992928   0.00034228052
     0.033461067      -1.2657098    0.0026795405
     0.037941284      -1.1621585    0.0025135649
     0.042740917      -1.0811463   0.00017701109
     0.047763772      -1.0168200   -0.0025086954
     0.052946357     -0.96490521   -0.0051851117
     0.058246052     -0.92233952   0.00099524714
     0.030568593      -2.5357015  -0.00056864095
     0.028575895      -2.3510398   -0.0024948550
     0.027677997      -2.1468334    0.0037773673
     0.027980498      -1.9382182  -0.00048804014
     0.029446425      -1.7422999   -0.0035420040
     0.031915867      -1.5707963  -0.00070941442
     0.035178121      -1.4274488   -0.0033296397
     0.039034916      -1.3103782    0.0037291596
     0.043327776      -1.2154020    0.0027244853
     0.047939698      -1.1381068   -0.0029536078
     0.052787119      -1.0746835   -0.0028153025
     0.057810832      -1.0221006   0.00072540365
     0.036354970      -2.5488224   -0.0029634200
     0.034207502      -2.3958043   -0.0051096059
     0.032954052      -2.2268497   -0.0017214039
     0.032697596      -2.0500127    0.0020425829
     0.033461067      -1.8758829   -0.0012780273
     0.035178121      -1.7141439   0.00075636638
     0.037718752      -1.5707963  -0.00092004603
     0.040929883      -1.4477039   0.00096698141
     0.044667139      -1.3438352    0.0028704352
     0.048809818      -1.2567819   6.6299310e-05
     0.053263404      -1.1838057   -0.0016881880
     0.057956268      -1.1223622   0.00027068256
     0.042145887      -2.5583389   -0.0034922693
     0.039888240      -2.4278683   0.00059551711
     0.038382476      -2.2845207   -0.0032253559
     0.037718752      -2.1328661  -9.6921710e-05
     0.037941284      -1.9794342  -0.00069437550
     0.039034916      -1.8312145    0.0012185214
     0.040929883      -1.6938888   -0.0017781169
     0.043521637      -1.5707963  -0.00066717205
     0.046694298      -1.4629631    0.0033067829
     0.050338146      -1.3697778   0.00015153216
     0.054358508      -1.2897614    0.0012732759
     0.058678043      -1.2211372  -0.00017553536
     0.047939698      -2.5655556   -0.0012937559
     0.045599748      -2.4519199   -0.0024700617
     0.043906792      -2.3277949    0.0087815685
     0.042937428      -2.1959301    0.0029090281
     0.042740917      -2.0604464  -0.00017682923
     0.043327776      -1.9261907    0.0015802831
     0.044667139      -1.7977574    0.0041146927
     0.046694298      -1.6786296   -0.0017681309
     0.049324522      -1.5707963   -0.0013088314
     0.052467195      -1.4748666   -0.0012751996
     0.056036162      -1.3904560   -0.0010910755
     0.059955345      -1.3166085   -0.0010803934
     0.053735467      -2.5712158    0.0065950689
     0.051331758      -2.4706089    0.0056554488
     0.049494901      -2.3613492   -0.0038630676
     0.048289627      -2.2451762   -0.0057039545
     0.047763772      -2.1247726    0.0039383648
     0.047939698      -2.0034858    0.0017198137
     0.048809818      -1.8848107    0.0056402330
     0.050338146      -1.7718149    0.0058721535
     0.052467195      -1.6667260  -0.00085453744
     0.055127407      -1.5707963    0.0042708164
     0.058246052      -1.4844093    0.0043671969
     0.061753712      -1.4073114   -0.0020036647
     0.059532623      -2.5757738    0.0041622011
     0.057078092      -2.4855393    0.0035707357
     0.055127407      -2.3880720    0.0092204542
     0.053735467      -2.2845207   0.00080712496
     0.052946357      -2.1766874   -0.0032115555
     0.052787119      -2.0669092   -0.0054347354
     0.053263404      -1.9577869    0.0011557430
     0.054358508      -1.8518312    0.0042318489
     0.056036162      -1.7511366    0.0027947666
     0.058246052      -1.6571833   -0.0020538286
     0.060930292      -1.5707963    0.0021349733
     0.064029255      -1.4922288    0.0012930007
     0.065330796      -2.5795229    0.0033243644
     0.062834822      -2.4977362    0.0017116995
     0.060791971      -2.4098280   -0.0063955928
     0.059249132      -2.3165847    0.0019843995
     0.058246052      -2.2192531    0.0050276770
     0.057810832      -2.1194920    0.0019714552
     0.057956268      -2.0192304   -0.0023879251
     0.058678043      -1.9204555   -0.0036013668
     0.059955345      -1.8249842   -0.0059335860
     0.061753712      -1.7342813   -0.0020178424
     0.064029255      -1.6493638    0.0065236323
     0.066733177      -1.5707963   0.00097346474
      0.12313197       1.0354154   -0.0022021900
      0.12815708       1.0585177    0.0015112434
      0.13324541       1.0798661    0.0033835304
      0.13838999       1.0996358    0.0023439932
      0.14358476       1.1179818   -0.0068106924
      0.14882449       1.1350413    0.0037172192
      0.15410457       1.1509362   -0.0055728616
      0.15942100       1.1657744    0.0036880756
      0.16477026       1.1796521   -0.0042531463
      0.17014926       1.1926548    0.0017102197
      0.17555525       1.2048586    0.0014693671
      0.18098583       1.2163317  -0.00055901290
      0.12333690      0.98835228   -0.0016759478
      0.12822275       1.0132488   -0.0023184467
      0.13318222       1.0363046  -0.00011744901
      0.13820737       1.0576944   -0.0010763305
      0.14329131       1.0775751    0.0057963287
      0.14842800       1.0960866    0.0022103426
      0.15361213       1.1133542   -0.0020265401
      0.15883907       1.1294899   -0.0015604983
      0.16410473       1.1445938   -0.0017651053
      0.16940548       1.1587556    0.0020260274
      0.17473815       1.1720556   0.00034343979
      0.18009990       1.1845657  -0.00090444722
      0.12381377      0.94154846   -0.0013908783
      0.12855060      0.96811865   -0.0093316494
      0.13337171      0.99278431   0.00060487170
      0.13826827       1.0157161    0.0037391150
      0.14323255       1.0370689   7.5903003e-05
      0.14825775       1.0569828  -5.8393419e-05
      0.15333787       1.0755842  -0.00089927458
      0.15846764       1.0929870    0.0024646377
      0.16364239       1.1092938   -0.0068330519
      0.16885797       1.1245971    0.0024462940
      0.17411073       1.1389803    0.0024562082
      0.17939739       1.1525184    0.0038680524
      0.12455944      0.89520435    0.0040567286
      0.12913864      0.92330877    0.0039342791
      0.13381282      0.94946926  -0.00067133592
      0.13857236      0.97384843   0.00097086962
      0.14340877      0.99659602   0.00019403063
      0.14831452       1.0178492    0.0040840659
      0.15328296       1.0377331   -0.0045129978
      0.15830819       1.0563616    0.0010293086
      0.16338496       1.0738382    0.0022331004
      0.16850863       1.0902568  -0.00047088864
      0.17367503       1.1057025   -0.0017774684
      0.17888046       1.1202526  -0.00093472774
      0.12556912      0.84950855   -0.0029095021
      0.12998333      0.87899313    0.0048337381
      0.13450306      0.90651878   -0.0026996637
      0.13911804      0.93223663   4.7371122e-06
      0.14381909      0.95628825   -0.0020664997
      0.14859805      0.97880520   -0.0018313032
      0.15344764      0.99990904    0.0021656505
      0.15836136       1.0197116  -0.00050141175
      0.16333343       1.0383155  -6.7290021e-05
      0.16835869       1.0558145    0.0041628787
      0.17343250       1.0722945    0.0019310498
      0.17855073       1.0878336   0.00024138847
      0.12683652      0.80463368   -0.0026668338
      0.13107971      0.83533415  -0.00026683248
      0.13543864      0.86408418   -0.0018645571
      0.13990249      0.89102068    0.0010113058
      0.14446154      0.91627438    0.0032424494
      0.14910705      0.93996885    0.0028197638
      0.15383119      0.96221986   -0.0078907404
      0.15862693      0.98313530    0.0040367810
      0.16348798       1.0028152   -0.0018430464
      0.16840868       1.0213518   0.00083475130
      0.17338395       1.0388304    0.0034211933
      0.17840922       1.0553291   0.00056630814
      0.12835399      0.76073308    0.0017899553
      0.13242153      0.79247953   -0.0013349893
      0.13661451      0.82230583   -0.0014324330
      0.14092172      0.85033255   -0.0059005925
      0.14533302      0.87667756    0.0032253379
      0.14983921      0.90145434    0.0042373592
      0.15443199      0.92477103   -0.0023260345
      0.15910385      0.94672976   -0.0025253366
      0.16384803      0.96742638   0.00075969697
      0.16865843      0.98695037   -0.0029032439
      0.17352955       1.0053850    0.0011857491
      0.17845640       1.0228073   2.3392676e-05
      0.13011279      0.71793859    0.0062789682
      0.13400142      0.75055985   -0.0030768830
      0.13802452      0.78131062    0.0017456095
      0.14217068      0.81029391    0.0017232980
      0.14642945      0.83761316  -0.00081489234
      0.15079129      0.86337023   -0.0019745117
      0.15524751      0.88766401   0.00050707699
      0.15979021      0.91058938    0.0029682136
      0.16441223      0.93223663   -0.0016608883
      0.16910706      0.95269107   -0.0022950434
      0.17386881      0.97203287    0.0069216403
      0.17869211      0.99033705    0.0032416409
      0.13210329      0.67635939  -0.00026589530
      0.13581107      0.70968699   -0.0025690367
      0.13966159      0.74121033   -0.0039319937
      0.14364338      0.77101429   -0.0014078606
      0.14774583      0.79918703    0.0066219625
      0.15195916      0.82581767   0.00088471275
      0.15627440      0.85099465    0.0041377397
      0.16068334      0.87480440  -0.00059247735
      0.16517849      0.89733044   0.00069161882
      0.16975298      0.91865275    0.0078377940
      0.17440059      0.93884742   -0.0054874345
      0.17911561      0.95798634    0.0032260046
      0.13431517      0.63608180    0.0034231125
      0.13784142      0.66995337    0.0021454561
      0.14151784      0.70210040    0.0042261289
      0.14533302      0.73258980   -0.0041164800
      0.14927633      0.76149408    0.0014198538
      0.15333787      0.78888906    0.0022809382
      0.15750851      0.81485191   -0.0013714424
      0.16177981      0.83945969   -0.0016331343
      0.16614400      0.86278822    0.0045754852
      0.17059396      0.88491123    0.0019827914
      0.17512315      0.90589974   -0.0064843896
      0.17972557      0.92582172    0.0064707311
      0.13673769      0.59717004   -0.0010289188
      0.14008289      0.63143204   0.00071341149
      0.14358476      0.66405960  -0.00076493286
      0.14723213      0.69510233    0.0021398749
      0.15101444      0.72461735    0.0035624161
      0.15492181      0.75266697    0.0013333578
      0.15894503      0.77931671   -0.0076583019
      0.16307552      0.80463368   0.00052391222
      0.16730534      0.82868530    0.0015527394
      0.17162713      0.85153830   0.00075070162
      0.17603413      0.87325792   0.00085893579
      0.18052009      0.89390742    0.0025592915
      0.13935988      0.55966752  -0.00088406054
      0.14252552      0.59417730    0.0011057672
      0.14585341      0.62715011   -0.0039521713
      0.14933271      0.65861937    0.0017562647
      0.15295308      0.68862746   -0.0025506407
      0.15670476      0.71722346  -0.00041577119
      0.16057853      0.74446116    0.0016260440
      0.16456577      0.77039747   0.00015808878
      0.16865843      0.79509099   -0.0048690727
      0.17284904      0.81860092    0.0069550012
      0.17713063      0.84098618   -0.0044843805
      0.18149677      0.86230468   -0.0039639715
      0.12064559       1.0712492   0.00012672033
      0.11573083       1.0973598  -0.00096673247
      0.11090192       1.1257651   0.00060063407
      0.10617060       1.1567289   -0.0016233169
      0.10155049       1.1905451   -0.0066209030
     0.097057480       1.2275379    0.0013111795
     0.092710055       1.2680599   0.00068860279
     0.088529662       1.3124878   -0.0014402220
     0.084541084       1.3612119   -0.0031763662
     0.080772740       1.4146195   -0.0027981515
     0.077256866       1.4730680   -0.0032883369
     0.074029439       1.5368476   -0.0020736003
      0.12577009       1.0933528    0.0018315000
      0.12092438       1.1192414   0.00088297105
      0.11616645       1.1472709   -0.0010838908
      0.11150753       1.1776681   0.00025906461
      0.10696057       1.2106825    0.0027682746
      0.10254044       1.2465852   -0.0029495689
     0.098264280       1.2856668    0.0053340906
     0.094151697       1.3282325   0.00014547085
     0.090225065       1.3745934    0.0015910206
     0.086509708       1.4250531    0.0049686102
     0.083033992       1.4798870    0.0083982436
     0.079829224       1.5393149   0.00046562520
      0.13095120       1.1137166  -0.00056665482
      0.12617105       1.1393122   -0.0017133235
      0.12148004       1.1669038  -0.00025455772
      0.11688889       1.1966871   2.6211207e-05
      0.11240984       1.2288743  -6.2523362e-05
      0.10805682       1.2636934   0.00085193147
      0.10384570       1.3013854   0.00047773398
     0.099794439       1.3421997    0.0026092173
     0.095923286       1.3863870    0.0023847345
     0.092254922       1.4341882   -0.0012129560
     0.088814477       1.4858186   -0.0015483183
     0.085629428       1.5414480  -0.00045803287
      0.13618247       1.1325232  -0.00047428530
      0.13146448       1.1577736    0.0026262355
      0.12683652       1.1848849    0.0022555728
      0.12230879       1.2140262   -0.0035836877
      0.11789286       1.2453790   0.00084892661
      0.11360176       1.2791357   -0.0038554986
      0.10945016       1.3154975    0.0016567154
      0.10545456       1.3546698    0.0054678637
      0.10163335       1.3968567   4.1441907e-05
     0.098006931       1.4422515    0.0016999124
     0.094597705       1.4910252    0.0022654985
     0.091429973       1.5433104   0.00083101143
      0.14145834       1.1499328    0.0069588467
      0.13679924       1.1748005   -0.0042367453
      0.13223068       1.2014039   -0.0031305295
      0.12776234       1.2298896    0.0053271305
      0.12340514       1.2604131    0.0027223138
      0.11917125       1.2931377    0.0028296809
      0.11507430       1.3282325   0.00011587784
      0.11112941       1.3658680   0.00075838422
      0.10735337       1.4062116   -0.0014420093
      0.10376461       1.4494205    0.0011505751
      0.10038320       1.4956316    0.0066696755
     0.097230797       1.5449506    0.0023568461
      0.14677399       1.1660860   -0.0025969000
      0.14217068       1.1905451   -0.0020978074
      0.13765808       1.2166243  -0.00044411708
      0.13324541       1.2444508    0.0069979634
      0.12894292       1.2741586    0.0017133460
      0.12476203       1.3058871   -0.0015659146
      0.12071535       1.3397789   -0.0019280376
      0.11681685       1.3759769   0.00074785181
      0.11308184       1.4146195   -0.0013107725
      0.10952705       1.4558354   -0.0046638209
      0.10617060       1.4997360  -5.7067038e-05
      0.10303185       1.5464061   0.00077380973
      0.15212526       1.1811064    0.0040040281
      0.14757479       1.2051400  -0.00025160196
      0.14311496       1.2306870  -0.00098430632
      0.13875449       1.2578584  -0.00028489463
      0.13450306       1.2867700    0.0035627596
      0.13037134       1.3175412   0.00050986648
      0.12637106       1.3502932   -0.0018714400
      0.12251511       1.3851463    0.0026477161
      0.11881752       1.4222160    0.0018027848
      0.11529356       1.4616088    0.0015831914
      0.11195959       1.5034160    0.0039675432
      0.10883310       1.5477064   -0.0018845101
      0.15750851       1.1951031   -0.0037332412
      0.15300811       1.2187011    0.0020169583
      0.14859805       1.2437144    0.0019999416
      0.14428661       1.2702400    0.0057906948
      0.14008289       1.2983784  -0.00060981170
      0.13599690       1.3282325   -0.0027764994
      0.13203954       1.3599057   0.00097268326
      0.12822275       1.3935000  -0.00080835861
      0.12455944       1.4291126    0.0019228418
      0.12106354       1.4668321  -0.00098023440
      0.11774996       1.5067341  -0.00050217355
      0.11463452       1.5488751   -0.0037405425
      0.16292058       1.2081723  -6.9497081e-05
      0.15846764       1.2313300    0.0033709269
      0.15410457       1.2558127   -0.0020949425
      0.14983921       1.2817055    0.0055983616
      0.14568015       1.3090961   -0.0038044278
      0.14163676       1.3380733    0.0010686514
      0.13771922       1.3687261   -0.0040048867
      0.13393858       1.4011413    0.0063700005
      0.13030675       1.4354011   -0.0043844295
      0.12683652       1.4715800  -0.00021765205
      0.12354150       1.5097411   0.00042135934
      0.12043608       1.5499313   -0.0033839681
      0.16835869       1.2203992    0.0043767929
      0.16395076       1.2431159  -0.00061864215
      0.15963208       1.2670747   -0.0029914594
      0.15541010       1.2923504    0.0015314239
      0.15129291       1.3190197   0.00050232240
      0.14728929       1.3471597    0.0020899604
      0.14340877       1.3768472   -0.0042925924
      0.13966159       1.4081567   -0.0020129020
      0.13605878       1.4411581    0.0014313469
      0.13261211       1.4759145   0.00040816703
      0.12933406       1.5124788   -0.0017011129
      0.12623776       1.5508903    0.0016772159
      0.17382038       1.2318593   -0.0027526841
      0.16945517       1.2541376    0.0010188807
      0.16517849       1.2775816   -0.0017230090
      0.16099738       1.3022575    0.0056064180
      0.15691950       1.3282325  -0.00060512039
      0.15295308       1.3555738   0.00066714612
      0.14910705       1.3843481    0.0027385293
      0.14539093       1.4146195    0.0016458729
      0.14181496       1.4464479    0.0026996392
      0.13838999       1.4798870    0.0045113766
      0.13512750       1.5149818   -0.0046925567
      0.13203954       1.5517651   0.00076727546
      0.17930351       1.2426199    0.0022715750
      0.17497887       1.2644646   -0.0031947474
      0.17074194       1.2874049   0.00070100111
      0.16659940       1.3114992    0.0011068593
      0.16255848       1.3368068   -0.0019607195
      0.15862693       1.3633865  -5.1232036e-05
      0.15481310       1.3912964    0.0063996184
      0.15112589       1.4205920    0.0024805958
      0.14757479       1.4513249    0.0045079945
      0.14416987       1.4835411    0.0072123992
      0.14092172       1.5172789   -0.0038058944
      0.13784142       1.5525662   -0.0027168525
      0.11810689       1.0349141    0.0027644905
      0.11832053      0.98585437   0.00057911306
      0.11881752      0.93708828   -0.0042076190
      0.11959435      0.88884200   -0.0025225590
      0.12064559      0.84132733  -0.00079497901
      0.12196416      0.79473657   -0.0019259534
      0.12354150      0.74923869    0.0061113691
      0.12536783      0.70497687    0.0031225417
      0.12743246      0.66206737   9.4358838e-05
      0.12972401      0.62059962   -0.0024947096
      0.13223068      0.58063741  -0.00056819772
      0.13494047      0.54222082   -0.0039116895
      0.11308184       1.0600269   -0.0010612560
      0.11315626       1.0087265   -0.0013925806
      0.11352763      0.95762781    0.0042502997
      0.11419305      0.90699344    0.0024002818
      0.11514743      0.85707195    0.0030209683
      0.11638365      0.80809085    0.0016276833
      0.11789286      0.76025128    0.0033873977
      0.11966472      0.71372438    0.0046339866
      0.12168776      0.66864944    0.0015527608
      0.12394968      0.62513375    0.0019668976
      0.12643766      0.58325380   -0.0017344429
      0.12913864      0.54305756    0.0033179321
      0.10813470       1.0874560   -0.0018439993
      0.10805682       1.0337716   -0.0022965444
      0.10829029      0.98016438   0.00026852733
      0.10883310      0.92693989   0.00033274273
      0.10968067      0.87439072  -8.8740509e-05
      0.11082599      0.82278735    0.0070121051
      0.11225996      0.77237064   -0.0024327248
      0.11397167      0.72334659  -2.0524886e-05
      0.11594884      0.67588342   -0.0021070427
      0.11817814      0.63011087    0.0029830805
      0.12064559      0.58612143   -0.0058461988
      0.12333690      0.54397302   -0.0021824580
      0.10327668       1.1174901    0.0011954343
      0.10303185       1.0612783   -0.0064148571
      0.10311353       1.0049775  -0.00021852433
      0.10352093      0.94894296    0.0019296357
      0.10425025      0.89352003    0.0054811167
      0.10529478      0.83903171   -0.0022897345
      0.10664528      0.78576826   -0.0019716116
      0.10829029      0.73397951    0.0016962731
      0.11021663      0.68387031  -0.00024613134
      0.11240984      0.63559893   -0.0042841257
      0.11485462      0.58927825   0.00012394001
      0.11753528      0.54497886    0.0082860642
     0.098520957       1.1504560    0.0061606713
     0.098092789       1.0915799    0.0031412412
     0.098006931       1.0323948   -0.0036567140
     0.098264280      0.97331302   -0.0036482223
     0.098862156      0.91474295  -0.00047843037
     0.099794439      0.85707195   0.00097826223
      0.10105187      0.80065197   0.00085694253
      0.10262251      0.74578840    0.0018265336
      0.10449222      0.69273291    0.0012540564
      0.10664528      0.64168050    0.0041964509
      0.10906491      0.59277027    0.0026870408
      0.11173379      0.54608915   -0.0067855099
     0.093883075       1.1867216   -0.0033389693
     0.093253282       1.1250601   0.00061553323
     0.092982065       1.0628003   -0.0042776653
     0.093072559       1.0004195   0.00023393688
     0.093523713      0.93840043   -0.0046968415
     0.094330353      0.87720935    0.0037486828
     0.095483470      0.81727571  -0.00024684601
     0.096970705      0.75897584   -0.0023444938
     0.098776967      0.70262195    0.0042562662
      0.10088512      0.64845681   -0.0012289970
      0.10327668      0.59665378   0.00056549940
      0.10593246      0.54732105    0.0013401686
     0.089381384       1.2266975   0.00098067103
     0.088529662       1.1621585  -0.00039102078
     0.088052924       1.0966444    0.0039346486
     0.087957266       1.0307033    0.0032870681
     0.088243928      0.96490521   -0.0025213776
     0.088909212      0.89981259   -0.0018239288
     0.089944717      0.83595252  -0.00082121283
     0.091337852      0.77379268    0.0013170717
     0.093072559      0.71372438   -0.0025299023
     0.095130154      0.65605337    0.0022365199
     0.097490195      0.60099836  -0.00023276848
      0.10013130      0.54869569   -0.0046501221
     0.085037513       1.2708342   -0.0054139454
     0.083941494       1.2033744   -0.0014590841
     0.083236514       1.1344527   -0.0034867050
     0.082932545       1.0646912   -0.0036379867
     0.083033992      0.99475928   -0.0069328265
     0.083539377      0.92533614   -0.0057125856
     0.084441448      0.85707195    0.0022423487
     0.085727684      0.79055289  -0.00035623928
     0.087381121      0.72627481   0.00093859860
     0.089381384      0.66462767   -0.0069961397
     0.091705780      0.60589112   -0.0023783861
     0.094330353      0.55023941   0.00062842618
     0.080876896       1.3196155   -0.0063274891
     0.079512230       1.2492678    0.0040529922
     0.078553575       1.1768358    0.0062297048
     0.078015899       1.1030121    0.0032472712
     0.077907918       1.0285755   0.00059551353
     0.078231413      0.95434432   0.00085716550
     0.078981081      0.88112357   -0.0029158109
     0.080144964      0.80965407   -0.0022135115
     0.081705362      0.74057143    0.0043131876
     0.083640088      0.67437990   -0.0061886085
     0.085923857      0.61144251    0.0054262830
     0.088529662      0.55198542   -0.0041425428
     0.076929273       1.3735431    0.0033427356
     0.075269928       1.3004527    0.0019243203
     0.074029439       1.2244939    0.0016633328
     0.073229098       1.1464139  -2.7845112e-05
     0.072883404       1.0671036  -6.2689578e-05
     0.072998817      0.98754253  -0.00010804270
     0.073573167      0.90872896    0.0016061060
     0.074595855      0.83160612   -0.0067154770
     0.076048795      0.75699862   -0.0016374913
     0.077907918      0.68556839    0.0045857703
     0.080144964      0.61779469   0.00094950321
     0.082729279      0.55397628    0.0062424262
     0.073229098       1.4331090    0.0018523691
     0.071247991       1.3575808    0.0029434608
     0.069695040       1.2782149    0.0038281189
     0.068599329       1.1957779    0.0025902112
     0.067982971       1.1112598  -0.00027909669
     0.067859027       1.0258175   0.00077870909
     0.068230182      0.94068546    0.0034610589
     0.069088457      0.85707195   -0.0021668820
     0.070416043      0.77605976   -0.0021340799
     0.072187050      0.69853212   -0.0016344196
     0.074369807      0.62513375    0.0017367361
     0.076929273      0.55626735   -0.0035181715
     0.069815724       1.4987524    0.0033519844
     0.067485831       1.4213068    0.0014468617
     0.065588004       1.3388581   0.00049716924
     0.064160597       1.2521259    0.0014060779
     0.063235473       1.1621585    0.0020322993
     0.062834822       1.0702875   -0.0013990974
     0.062968656      0.97802605    0.0043797093
     0.063633602      0.88692602   -0.0010049008
     0.064813316      0.79842569  -0.00060647092
     0.066480399      0.71372438    0.0032678082
     0.068599329      0.63370805   0.00014900004
     0.071129737      0.55893204  -0.00048890624
      0.12313197     0.011782113   -0.0055866185
      0.12333690     0.058845276    0.0049459193
      0.12381377      0.10564909   0.00043948341
      0.12455944      0.15199320    0.0016394517
      0.12556912      0.19768900   -0.0015451710
      0.12683652      0.24256387   0.00011151041
      0.12835399      0.28646447    0.0020551474
      0.13011279      0.32925896   -0.0026326521
      0.13210329      0.37083817   -0.0040787841
      0.13431517      0.41111575   -0.0024250858
      0.13673769      0.45002751    0.0020474353
      0.13935988      0.48753003   -0.0047591709
      0.12815708    -0.011320110    0.0044586913
      0.12822275     0.033948732   0.00066190986
      0.12855060     0.079078902   -0.0012466639
      0.12913864      0.12388878    0.0016022214
      0.12998333      0.16820442    0.0024158407
      0.13107971      0.21186340   -0.0038327031
      0.13242153      0.25471802    0.0033871692
      0.13400142      0.29663770   -0.0027875136
      0.13581107      0.33751056    0.0039133372
      0.13784142      0.37724418    0.0047319804
      0.14008289      0.41576552   -0.0011016642
      0.14252552      0.45302025    0.0033400101
      0.13324541    -0.032668577   -0.0018619937
      0.13318222     0.010892970    0.0010954100
      0.13337171     0.054413241    0.0048243943
      0.13381282     0.097728290   0.00022001513
      0.13450306      0.14067878    0.0020769986
      0.13543864      0.18311337   -0.0015674475
      0.13661451      0.22489173   -0.0030626089
      0.13802452      0.26588693    0.0067406941
      0.13966159      0.30598723   -0.0019130077
      0.14151784      0.34509715   -0.0011784815
      0.14358476      0.38313795   0.00046108642
      0.14585341      0.42004744    0.0020679523
      0.13838999    -0.052438271   0.00095647358
      0.13820737    -0.010496892    0.0037713783
      0.13826827     0.031481429    0.0011767774
      0.13857236     0.073349118   -0.0029698495
      0.13911804      0.11496092  -0.00040846974
      0.13990249      0.15617687  -0.00087364726
      0.14092172      0.19686500  -0.00048408333
      0.14217068      0.23690364    0.0046345362
      0.14364338      0.27618326  -0.00059243846
      0.14533302      0.31460775   -0.0014762544
      0.14723213      0.35209522   0.00048360249
      0.14933271      0.38857818    0.0035247727
      0.14358476    -0.070784208   -0.0022387964
      0.14329131    -0.030377509    0.0040521577
      0.14323255     0.010128606    0.0081027148
      0.14340877     0.050601528  -0.00032525955
      0.14381909     0.090909298    0.0039424924
      0.14446154      0.13092317   -0.0066769112
      0.14533302      0.17051999    0.0035291657
      0.14642945      0.20958439  -0.00057364413
      0.14774583      0.24801052    0.0011305916
      0.14927633      0.28570347   0.00022661933
      0.15101444      0.32258020    0.0029061601
      0.15295308      0.35857009   -0.0018650411
      0.14882449    -0.087843731   -0.0032619166
      0.14842800    -0.048889001   -0.0013906527
      0.14825775   -0.0097852855    0.0036183301
      0.14831452     0.029348364    0.0027327898
      0.14859805     0.068392349   -0.0011791668
      0.14910705      0.10722870   -0.0036852768
      0.14983921      0.14574321    0.0042174470
      0.15079129      0.18382732    0.0043648374
      0.15195916      0.22137988   -0.0015035199
      0.15333787      0.25830849   -0.0054375025
      0.15492181      0.29453058   -0.0066171484
      0.15670476      0.32997409    0.0028540939
      0.15410457     -0.10373860    0.0039405515
      0.15361213    -0.066156624   -0.0026585056
      0.15333787    -0.028386648    0.0020776653
      0.15328296    0.0094644759   0.00047434977
      0.15344764     0.047288512   -0.0017908274
      0.15383119     0.084977687    0.0070469237
      0.15443199      0.12242652   -0.0019106801
      0.15524751      0.15953355   -0.0020603431
      0.15627440      0.19620290    0.0048675447
      0.15750851      0.23234564   -0.0040353791
      0.15894503      0.26788084    0.0042770628
      0.16057853      0.30273639   -0.0018852525
      0.15942100     -0.11857688   0.00045903329
      0.15883907    -0.082292343   -0.0046942725
      0.15846764    -0.045789421   -0.0046616932
      0.15830819   -0.0091640334    0.0015000041
      0.15836136     0.027485946    0.0040696611
      0.15862693     0.064062249    0.0026113223
      0.15910385      0.10046779   0.00084713040
      0.15979021      0.13660817   -0.0034914395
      0.16068334      0.17239315    0.0029339241
      0.16177981      0.20773786    0.0010980985
      0.16307552      0.24256387    0.0010869973
      0.16456577      0.27680008    0.0036277157
      0.16477026     -0.13245460   -0.0038126680
      0.16410473    -0.097396289    0.0012872837
      0.16364239    -0.062096246    0.0034206184
      0.16338496    -0.026640631   -0.0017051419
      0.16333343    0.0088820783    0.0043281716
      0.16348798     0.044382395    0.0013521492
      0.16384803     0.079771168   -0.0046431621
      0.16441223      0.11496092    0.0013904889
      0.16517849      0.14986712   -0.0014437364
      0.16614400      0.18440933   -0.0013822145
      0.16730534      0.21851225   -0.0010829683
      0.16865843      0.25210656    0.0041870436
      0.17014926     -0.14545725   0.00077122622
      0.16940548     -0.11155808    0.0059429506
      0.16885797    -0.077399583   -0.0019405769
      0.16850863    -0.043059209   -0.0016522487
      0.16835869   -0.0086169549   -0.0043554290
      0.16840868     0.025845748   0.00042469775
      0.16865843     0.060247178    0.0012515829
      0.16910706     0.094506481    0.0039268410
      0.16975298      0.12854480    0.0036746094
      0.17059396      0.16228632   -0.0044562736
      0.17162713      0.19565926    0.0037393001
      0.17284904      0.22859663   -0.0014283536
      0.17555525     -0.15766106   -0.0019401383
      0.17473815     -0.12485803    0.0044364832
      0.17411073    -0.091782748   -0.0041878860
      0.17367503    -0.058504924   -0.0035003272
      0.17343250    -0.025096915    0.0015970530
      0.17338395    0.0083671999    0.0029742243
      0.17352955     0.041812592   -0.0015425971
      0.17386881     0.075164683   -0.0045934391
      0.17440059      0.10835014    0.0033331273
      0.17512315      0.14129781    0.0021499140
      0.17603413      0.17393963    0.0040533675
      0.17713063      0.20621137    0.0041777673
      0.18098583     -0.16913413    0.0025772620
      0.18009990     -0.13736818   -0.0069794825
      0.17939739     -0.10532086  -0.00069022065
      0.17888046    -0.073055002   -0.0012464414
      0.17855073    -0.040636088   -0.0025101612
      0.17840922   -0.0081315147   -0.0012810001
      0.17845640     0.024390244   0.00023445742
      0.17869211     0.056860499    0.0061376426
      0.17911561     0.089211211    0.0036089019
      0.17972557      0.12137584   -0.0018846529
      0.18052009      0.15329013    0.0015257136
      0.18149677      0.18489287   -0.0022616019
      0.11810689     0.012283430   -0.0022259950
      0.11308184    -0.012829302  -0.00074410810
      0.10813470    -0.040258488   -0.0013423046
      0.10327668    -0.070292567   -0.0062625957
     0.098520957     -0.10325841    0.0043691812
     0.093883075     -0.13952408   0.00039161799
     0.089381384     -0.17949992    0.0021458743
     0.085037513     -0.22363662   0.00097914559
     0.080876896     -0.27241795   0.00067706683
     0.076929273     -0.32634551   -0.0010906269
     0.073229098     -0.38591144    0.0045232555
     0.069815724     -0.45155489  -0.00022564370
      0.11832053     0.061343181   -0.0023984683
      0.11315626     0.038471027   -0.0022818017
      0.10805682     0.013425944   -0.0034220594
      0.10303185    -0.014080783    0.0011650078
     0.098092789    -0.044382395    0.0043560224
     0.093253282    -0.077862575   -0.0043714961
     0.088529662     -0.11496092   0.00048807738
     0.083941494     -0.15617687   -0.0014219976
     0.079512230     -0.20207021    0.0015622066
     0.075269928     -0.25325514    0.0019121186
     0.071247991     -0.31038327   9.7242158e-05
     0.067485831     -0.37410926    0.0053844393
      0.11881752      0.11010928   0.00083080634
      0.11352763     0.089569739    0.0018800531
      0.10829029     0.067033168    0.0016509027
      0.10311353     0.042220038   -0.0047445117
     0.098006931     0.014802772  -0.00079103199
     0.092982065    -0.015602795    0.0018479599
     0.088052924    -0.049446828    0.0028097506
     0.083236514    -0.087255199    0.0011007244
     0.078553575     -0.12963826   -0.0045247168
     0.074029439     -0.17729630    0.0018919711
     0.069695040     -0.23101738    0.0057469906
     0.065588004     -0.29166058   -0.0022848883
      0.11959435      0.15835555   -0.0029714468
      0.11419305      0.14020411    0.0084802626
      0.10883310      0.12025766   -0.0029039227
      0.10352093     0.098254589   -0.0010047649
     0.098264280     0.073884528   -0.0068779528
     0.093072559     0.046778034   0.00076659227
     0.087957266     0.016494226   0.00027590028
     0.082932545    -0.017493678   -0.0011115964
     0.078015899    -0.055814575    0.0017104770
     0.073229098    -0.099216305   0.00013433680
     0.068599329     -0.14858030  -0.00040642308
     0.064160597     -0.20492838    0.0012191126
      0.12064559      0.20587022   -0.0018535728
      0.11514743      0.19012560   -0.0020254581
      0.10968067      0.17280683    0.0016230968
      0.10425025      0.15367752    0.0033175113
     0.098862156      0.13245460   -0.0023282587
     0.093523713      0.10879712   0.00085424286
     0.088243928     0.082292343  -3.7379101e-05
     0.083033992     0.052438271  -0.00065153539
     0.077907918     0.018622049    0.0036905617
     0.072883404    -0.019906000  -0.00071094084
     0.067982971    -0.064062249    0.0032308554
     0.063235473     -0.11496092   0.00044983776
      0.12196416      0.25246098    0.0019637636
      0.11638365      0.23910670   0.00074689249
      0.11082599      0.22441020    0.0023604907
      0.10529478      0.20816584   -0.0012715456
     0.099794439      0.19012560   -0.0066092162
     0.094330353      0.16998820   0.00088113105
     0.088909212      0.14738496   5.4214435e-05
     0.083539377      0.12186141    0.0056381150
     0.078231413     0.092853236    0.0018740800
     0.072998817     0.059655024    0.0012977030
     0.067859027     0.021380085   0.00043351481
     0.062834822    -0.023089906    0.0010788049
      0.12354150      0.29795886   0.00014993769
      0.11789286      0.28694627    0.0027840715
      0.11225996      0.27482691    0.0042180024
      0.10664528      0.26142929   -0.0023792369
      0.10105187      0.24654558   -0.0044694704
     0.095483470      0.22992184    0.0020169149
     0.089944717      0.21124503   -0.0012478424
     0.084441448      0.19012560    0.0012697804
     0.078981081      0.16607398    0.0031598278
     0.073573167      0.13846859    0.0021750945
     0.068230182      0.10651209  -0.00016674637
     0.062968656     0.069171499   1.2885014e-07
      0.12536783      0.34222068   0.00037391795
      0.11966472      0.33347317   -0.0071228017
      0.11397167      0.32385096   -0.0014866697
      0.10829029      0.31321804    0.0014292365
      0.10262251      0.30140915    0.0010841086
     0.096970705      0.28822171    0.0015285607
     0.091337852      0.27340487    0.0023080701
     0.085727684      0.25664466   3.7916956e-05
     0.080144964      0.23754348   -0.0057828094
     0.074595855      0.21559143   0.00087005576
     0.069088457      0.19012560    0.0058573335
     0.063633602      0.16027153   -0.0032404247
      0.12743246      0.38513018    0.0049356037
      0.12168776      0.37854811    0.0041602024
      0.11594884      0.37131413    0.0035310943
      0.11021663      0.36332724    0.0016329424
      0.10449222      0.35446464   -0.0013190593
     0.098776967      0.34457561    0.0035396179
     0.093072559      0.33347317   -0.0035289582
     0.087381121      0.32092274    0.0014080569
     0.081705362      0.30662612    0.0084822426
     0.076048795      0.29019893   -0.0039786846
     0.070416043      0.27113779   -0.0026339055
     0.064813316      0.24877186    0.0062365542
      0.12972401      0.42659793    0.0022338100
      0.12394968      0.42206380   0.00082590116
      0.11817814      0.41708668   0.00049748157
      0.11240984      0.41159862    0.0030253064
      0.10664528      0.40551705   0.00077633247
      0.10088512      0.39874075    0.0013670881
     0.095130154      0.39114418    0.0022349141
     0.089381384      0.38256988    0.0041606196
     0.083640088      0.37281765   -0.0022357743
     0.077907918      0.36162916   -0.0018148755
     0.072187050      0.34866543   -0.0033537676
     0.066480399      0.33347317   -0.0019229050
      0.13223068      0.46656014   -0.0025220605
      0.12643766      0.46394375    0.0023783752
      0.12064559      0.46107613   0.00097304652
      0.11485462      0.45791930  -7.5089980e-05
      0.10906491      0.45442728  -0.00071135651
      0.10327668      0.45054377  -0.00055990475
     0.097490195      0.44619919    0.0015212767
     0.091705780      0.44130643   -0.0014782256
     0.085923857      0.43575504   0.00095622827
     0.080144964      0.42940287   -0.0028391738
     0.074369807      0.42206380   0.00089893006
     0.068599329      0.41348950   -0.0025556763
      0.13494047      0.50497673    0.0022474514
      0.12913864      0.50413999   0.00080131766
      0.12333690      0.50322453   0.00081142201
      0.11753528      0.50221869    0.0031868065
      0.11173379      0.50110840   -0.0031552104
      0.10593246      0.49987650   -0.0012358182
      0.10013130      0.49850186    0.0014122601
     0.094330353      0.49695814    0.0033557592
     0.088529662      0.49521213    0.0057713980
     0.082729279      0.49322127   0.00016995940
     0.076929273      0.49093020    0.0027528856
     0.071129737      0.48826551   4.8304815e-05
      0.12064559    -0.024051622   0.00046108776
      0.12577009    -0.046155219   -0.0011104189
      0.13095120    -0.066519054    0.0059690081
      0.13618247    -0.085325698    0.0022551310
      0.14145834     -0.10273529   -0.0031997684
      0.14677399     -0.11888845    0.0035595279
      0.15212526     -0.13390888   -0.0023828194
      0.15750851     -0.14790557   0.00086170026
      0.16292058     -0.16097476    0.0018855883
      0.16835869     -0.17320164   -0.0015524812
      0.17382038     -0.18466178    0.0028626673
      0.17930351     -0.19542235   -0.0011486723
      0.11573083    -0.050162255   -0.0024170639
      0.12092438    -0.072043881   -0.0023517829
      0.12617105    -0.092114622    0.0015789069
      0.13146448     -0.11057601    0.0030782411
      0.13679924     -0.12760295    0.0040808458
      0.14217068     -0.14334757  -0.00012300050
      0.14757479     -0.15794247    0.0011432745
      0.15300811     -0.17150355   0.00043124073
      0.15846764     -0.18413242    0.0059480115
      0.16395076     -0.19591835   -0.0021168598
      0.16945517     -0.20694005   -0.0012683012
      0.17497887     -0.21726707   -0.0024399657
      0.11090192    -0.078567520   0.00081945045
      0.11616645     -0.10007333    0.0059367075
      0.12148004     -0.11970623    0.0017548859
      0.12683652     -0.13768733  -0.00096672757
      0.13223068     -0.15420639   -0.0015613533
      0.13765808     -0.16942676   0.00063799792
      0.14311496     -0.18348949   -0.0015624780
      0.14859805     -0.19651685    0.0037935582
      0.15410457     -0.20861514    0.0015480572
      0.15963208     -0.21987715   -0.0014866324
      0.16517849     -0.23038409   -0.0016063187
      0.17074194     -0.24020735   -0.0036424201
      0.10617060     -0.10953135   -0.0024742983
      0.11150753     -0.13047058  -0.00012482850
      0.11688889     -0.14948952    0.0026172491
      0.12230879     -0.16682869  -0.00097574835
      0.12776234     -0.18269205  -0.00016308624
      0.13324541     -0.19725326    0.0014670686
      0.13875449     -0.21066087    0.0022464648
      0.14428661     -0.22304243    0.0012264180
      0.14983921     -0.23450800   0.00095931579
      0.15541010     -0.24515288    0.0014003604
      0.16099738     -0.25505998    0.0013312595
      0.16659940     -0.26430167   0.00070131522
      0.10155049     -0.14334757  -0.00056999740
      0.10696057     -0.16348497  -0.00056663061
      0.11240984     -0.18167678    0.0043768660
      0.11789286     -0.19818148    0.0041086192
      0.12340514     -0.21321551    0.0019519194
      0.12894292     -0.22696108    0.0016762628
      0.13450306     -0.23957243   -0.0015615547
      0.14008289     -0.25118083  -0.00059295457
      0.14568015     -0.26189855   -0.0041290735
      0.15129291     -0.27182213    0.0020040662
      0.15691950     -0.28103490  -0.00090197975
      0.16255848     -0.28960920    0.0084740515
     0.097057480     -0.18034032   2.9781286e-05
      0.10254044     -0.19938764    0.0019341709
      0.10805682     -0.21649590   -0.0039991295
      0.11360176     -0.23193820    0.0044683249
      0.11917125     -0.24594018    0.0030544327
      0.12476203     -0.25868958    0.0026247733
      0.13037134     -0.27034364  -8.7574751e-06
      0.13599690     -0.28103490   0.00082472067
      0.14163676     -0.29087578    0.0044035843
      0.14728929     -0.29996216    0.0015732206
      0.15295308     -0.30837626   0.00056977902
      0.15862693     -0.31618896   -0.0043179258
     0.092710055     -0.22086238    0.0034711191
     0.098264280     -0.23846921   -0.0023066088
      0.10384570     -0.25418785   0.00092312841
      0.10945016     -0.26829992    0.0032680425
      0.11507430     -0.28103490   0.00065016434
      0.12071535     -0.29258139    0.0031299820
      0.12637106     -0.30309566   -0.0023277273
      0.13203954     -0.31270816  -0.00080374843
      0.13771922     -0.32152856   -0.0049535045
      0.14340877     -0.32964968    0.0012763317
      0.14910705     -0.33715055   -0.0019660958
      0.15481310     -0.34409885    0.0012965650
     0.088529662     -0.26529029   -0.0023403845
     0.094151697     -0.28103490   -0.0024784576
     0.099794439     -0.29500214  -0.00058229766
      0.10545456     -0.30747226    0.0015304682
      0.11112941     -0.31867040   -0.0042131940
      0.11681685     -0.32877930    0.0037750937
      0.12251511     -0.33794873    0.0027556263
      0.12822275     -0.34630247    0.0014730868
      0.13393858     -0.35394373  -0.00039455549
      0.13966159     -0.36095912   8.3564152e-05
      0.14539093     -0.36742190    0.0038097846
      0.15112589     -0.37339442   0.00095972910
     0.084541084     -0.31401438    0.0060552232
     0.090225065     -0.32739588    0.0015003606
     0.095923286     -0.33918945    0.0065572064
      0.10163335     -0.34965915    0.0020640601
      0.10735337     -0.35901409    0.0090575282
      0.11308184     -0.36742190    0.0016965005
      0.11881752     -0.37501847   -0.0027177438
      0.12455944     -0.38191504   0.00044088508
      0.13030675     -0.38820352   -0.0027382335
      0.13605878     -0.39396051   -0.0051767269
      0.14181496     -0.39925032   -0.0092723413
      0.14757479     -0.40412734    0.0067816934
     0.080772740     -0.36742190    0.0035020938
     0.086509708     -0.37785557    0.0041334805
     0.092254922     -0.38699060   -0.0012907335
     0.098006931     -0.39505398   0.00030411374
      0.10376461     -0.40222294    0.0011711551
      0.10952705     -0.40863786   -0.0013842887
      0.11529356     -0.41441129   -0.0013755512
      0.12106354     -0.41963456   0.00032230036
      0.12683652     -0.42438247   -0.0037194017
      0.13261211     -0.42871690    0.0042839788
      0.13838999     -0.43268948   -0.0039159081
      0.14416987     -0.43634358   -0.0046040184
     0.077256866     -0.42587049  -0.00021766621
     0.083033992     -0.43268948   -0.0024838109
     0.088814477     -0.43862109    0.0037071250
     0.094597705     -0.44382761  -0.00075798062
      0.10038320     -0.44843409   -0.0027148964
      0.10617060     -0.45253846    0.0019692305
      0.11195959     -0.45621843    0.0054768781
      0.11774996     -0.45953653   -0.0019249758
      0.12354150     -0.46254355   -0.0082768758
      0.12933406     -0.46528124   -0.0025952381
      0.13512750     -0.46778420    0.0043969965
      0.14092172     -0.47008135   -0.0052082939
     0.074029439     -0.48965004   -0.0046841116
     0.079829224     -0.49211735   -0.0039430150
     0.085629428     -0.49425041   -0.0024950002
     0.091429973     -0.49611283   -0.0022164294
     0.097230797     -0.49775303    0.0017524364
      0.10303185     -0.49920853   -0.0059237976
      0.10883310     -0.50050887    0.0013884867
      0.11463452     -0.50167759   0.00053015070
      0.12043608     -0.50273372   -0.0013216280
      0.12623776     -0.50369278  -0.00039284466
      0.13203954     -0.50456755   1.4557511e-05
      0.13784142     -0.50536868    0.0010362401
      0.12064559      -1.0231459   -0.0036451231
      0.11573083     -0.99703530    0.0031657959
      0.11090192     -0.96863003  -0.00073190544
      0.10617060     -0.93766620   -0.0028437541
      0.10155049     -0.90384998  -0.00049717474
     0.097057480     -0.86685723    0.0017691344
     0.092710055     -0.82633517   -0.0037706477
     0.088529662     -0.78190727   0.00016584934
     0.084541084     -0.73318317   0.00030594591
     0.080772740     -0.67977565   0.00029391287
     0.077256866     -0.62132707  -0.00045649357
     0.074029439     -0.55754751    0.0033379983
      0.12577009      -1.0010423   -0.0025065209
      0.12092438     -0.97515367   0.00031697898
      0.11616645     -0.94712422   -0.0010768955
      0.11150753     -0.91672697  -0.00075506942
      0.10696057     -0.88371258    0.0024221096
      0.10254044     -0.84780991   -0.0014537265
     0.098264280     -0.80872834    0.0019319703
     0.094151697     -0.76616265    0.0022189269
     0.090225065     -0.71980168    0.0014466575
     0.086509708     -0.66934198   -0.0016365286
     0.083033992     -0.61450807   -0.0033932830
     0.079829224     -0.55508020   -0.0013487961
      0.13095120     -0.98067850    0.0032548988
      0.12617105     -0.95508293    0.0012376917
      0.12148004     -0.92749132  -0.00014016848
      0.11688889     -0.89770804    0.0024917277
      0.11240984     -0.86552078    0.0036624955
      0.10805682     -0.83070165  -0.00048339725
      0.10384570     -0.79300970    0.0013622669
     0.099794439     -0.75219541  -0.00025470271
     0.095923286     -0.70800810   -0.0020763949
     0.092254922     -0.66020695   -0.0019579141
     0.088814477     -0.60857646  -0.00041809572
     0.085629428     -0.55294714   0.00068109043
      0.13618247     -0.96187185   -0.0063817217
      0.13146448     -0.93662154    0.0044952254
      0.12683652     -0.90951022  -0.00081839511
      0.12230879     -0.88036886    0.0040809514
      0.11789286     -0.84901607   -0.0013411578
      0.11360176     -0.81525936    0.0013656726
      0.10945016     -0.77889763   -0.0030047011
      0.10545456     -0.73972529   0.00041304852
      0.10163335     -0.69753840   0.00053347637
     0.098006931     -0.65214357    0.0044949528
     0.094597705     -0.60336994  -0.00037940300
     0.091429973     -0.55108472    0.0014233372
      0.14145834     -0.94446226   -0.0080743205
      0.13679924     -0.91959460   0.00058350573
      0.13223068     -0.89299116    0.0035778925
      0.12776234     -0.86450551    0.0015519914
      0.12340514     -0.83398204   -0.0034558637
      0.11917125     -0.80125737  -0.00059158704
      0.11507430     -0.76616265   -0.0089836330
      0.11112941     -0.72852715    0.0028323644
      0.10735337     -0.68818346    0.0046221808
      0.10376461     -0.64497461   -0.0016490062
      0.10038320     -0.59876346  -0.00011274895
     0.097230797     -0.54944452  -0.00085745998
      0.14677399     -0.92830910    0.0035054983
      0.14217068     -0.90384998   -0.0010099506
      0.13765808     -0.87777079   0.00012556911
      0.13324541     -0.84994429    0.0021872336
      0.12894292     -0.82023647    0.0093420316
      0.12476203     -0.78850797   0.00062577833
      0.12071535     -0.75461616  -3.0986246e-05
      0.11681685     -0.71841825   -0.0026207241
      0.11308184     -0.67977565    0.0014113982
      0.10952705     -0.63855970   -0.0040909853
      0.10617060     -0.59465910    0.0034734982
      0.10303185     -0.54798902    0.0057185272
      0.15212526     -0.91328867   -0.0038474658
      0.14757479     -0.88925508   -0.0011140201
      0.14311496     -0.86370806    0.0030739356
      0.13875449     -0.83653668   -0.0015947583
      0.13450306     -0.80762512   0.00040115466
      0.13037134     -0.77685391    0.0029893797
      0.12637106     -0.74410189   -0.0065882629
      0.12251511     -0.70924883  -0.00021345599
      0.11881752     -0.67217908    0.0030118431
      0.11529356     -0.63278626   -0.0011587534
      0.11195959     -0.59097912   0.00020226706
      0.10883310     -0.54668868    0.0038413703
      0.15750851     -0.89929199   -0.0011433547
      0.15300811     -0.87569400    0.0025962435
      0.14859805     -0.85068070   0.00077961077
      0.14428661     -0.82415512   -0.0011981860
      0.14008289     -0.79601672   0.00098434522
      0.13599690     -0.76616265  -0.00018044017
      0.13203954     -0.73448939    0.0019041000
      0.12822275     -0.70089508  -0.00026351257
      0.12455944     -0.66528251   0.00085517850
      0.12106354     -0.62756299    0.0042924474
      0.11774996     -0.58766102    0.0013207776
      0.11463452     -0.54551996  -0.00097525902
      0.16292058     -0.88622279  -7.8845395e-05
      0.15846764     -0.86306513    0.0035803187
      0.15410457     -0.83858241    0.0022467887
      0.14983921     -0.81268955    0.0060470892
      0.14568015     -0.78529900    0.0059862422
      0.14163676     -0.75632177    0.0010298885
      0.13771922     -0.72566899    0.0043886082
      0.13393858     -0.69325382    0.0012172243
      0.13030675     -0.65899403    0.0029623953
      0.12683652     -0.62281508    0.0022005604
      0.12354150     -0.58465400  -0.00030796667
      0.12043608     -0.54446383   -0.0028238282
      0.16835869     -0.87399591    0.0032721571
      0.16395076     -0.85127920   -0.0022022038
      0.15963208     -0.82732041   -0.0022167081
      0.15541010     -0.80204467   0.00047616475
      0.15129291     -0.77537543  -0.00063557320
      0.14728929     -0.74723539   -0.0035183338
      0.14340877     -0.71754787    0.0017271697
      0.13966159     -0.68623843   -0.0091133138
      0.13605878     -0.65323704   -0.0011016117
      0.13261211     -0.61848065   0.00051204293
      0.12933406     -0.58191631  -0.00046115783
      0.12623776     -0.54350478   0.00031078027
      0.17382038     -0.86253578   -0.0017178316
      0.16945517     -0.84025751    0.0017931478
      0.16517849     -0.81681346   0.00098188906
      0.16099738     -0.79213757    0.0027346461
      0.15691950     -0.76616265  -0.00030882247
      0.15295308     -0.73882129   -0.0017105775
      0.14910705     -0.71004701    0.0017719999
      0.14539093     -0.67977565   -0.0020653592
      0.14181496     -0.64794723   -0.0014992914
      0.13838999     -0.61450807   -0.0018939580
      0.13512750     -0.57941335  -0.00064909573
      0.13203954     -0.54263000   -0.0042776482
      0.17930351     -0.85177521   -0.0015388883
      0.17497887     -0.82993048   0.00047143786
      0.17074194     -0.80699020  -0.00089888982
      0.16659940     -0.78289588    0.0016179244
      0.16255848     -0.75758835    0.0045036398
      0.15862693     -0.73100859    0.0067195840
      0.15481310     -0.70309870  -0.00043239473
      0.15112589     -0.67380313    0.0014771395
      0.14757479     -0.64307021    0.0045009035
      0.14416987     -0.61085397   -0.0061449787
      0.14092172     -0.57711621   -0.0021734914
      0.13784142     -0.54182887   -0.0010237575
      0.11810689      -1.0594810   -0.0032942108
      0.11832053      -1.1085407   -0.0058947546
      0.11881752      -1.1573068   -0.0023492312
      0.11959435      -1.2055531  -0.00037190762
      0.12064559      -1.2530678    0.0017912841
      0.12196416      -1.2996585   -0.0052490331
      0.12354150      -1.3451564    0.0015058257
      0.12536783      -1.3894182    0.0012336100
      0.12743246      -1.4323277    0.0010718787
      0.12972401      -1.4737955    0.0030305954
      0.13223068      -1.5137577    0.0031216645
      0.13494047      -1.5521743   -0.0056900622
      0.11308184      -1.0343682    0.0019527809
      0.11315626      -1.0856686  -0.00058656145
      0.11352763      -1.1367673    0.0076611033
      0.11419305      -1.1874017    0.0019058841
      0.11514743      -1.2373232   0.00043201842
      0.11638365      -1.2863043   -0.0013880629
      0.11789286      -1.3341438    0.0022832818
      0.11966472      -1.3806707    0.0016723621
      0.12168776      -1.4257457   -0.0017720186
      0.12394968      -1.4692613   -0.0032157187
      0.12643766      -1.5111413    0.0011774360
      0.12913864      -1.5513375    0.0036709915
      0.10813470      -1.0069391    0.0024066208
      0.10805682      -1.0606235  -0.00082551964
      0.10829029      -1.1142307    0.0039104410
      0.10883310      -1.1674552  -0.00032899823
      0.10968067      -1.2200044    0.0016243800
      0.11082599      -1.2716078   0.00058964859
      0.11225996      -1.3220245    0.0045792231
      0.11397167      -1.3710485    0.0030323808
      0.11594884      -1.4185117   0.00098473797
      0.11817814      -1.4642842  -0.00062230872
      0.12064559      -1.5082737   0.00072831959
      0.12333690      -1.5504221    0.0011875350
      0.10327668     -0.97690498  -0.00036506098
      0.10303185      -1.0331168   -0.0022759711
      0.10311353      -1.0894176    0.0037774410
      0.10352093      -1.1454521    0.0037722865
      0.10425025      -1.2008751  -0.00015327740
      0.10529478      -1.2553634    0.0050033748
      0.10664528      -1.3086268   -0.0021228662
      0.10829029      -1.3604156   -0.0026168069
      0.11021663      -1.4105248   0.00038575886
      0.11240984      -1.4587962  -0.00031763566
      0.11485462      -1.5051169  -0.00033855133
      0.11753528      -1.5494162    0.0035524969
     0.098520957     -0.94393914    0.0019827749
     0.098092789      -1.0028152   -0.0014245212
     0.098006931      -1.0620003    0.0017346544
     0.098264280      -1.1210821  -0.00058398582
     0.098862156      -1.1796521   0.00039299709
     0.099794439      -1.2373232   -0.0048875826
      0.10105187      -1.2937431    0.0011476247
      0.10262251      -1.3486067    0.0013521992
      0.10449222      -1.4016622   -0.0039497448
      0.10664528      -1.4527146  -4.5657529e-05
      0.10906491      -1.5016248    0.0023292948
      0.11173379      -1.5483060   -0.0012671670
     0.093883075     -0.90767348    0.0019605979
     0.093253282     -0.96933498    0.0021902635
     0.092982065      -1.0315948   -0.0018259261
     0.093072559      -1.0939756   -0.0029332306
     0.093523713      -1.1559947   0.00032548305
     0.094330353      -1.2171858   0.00022697947
     0.095483470      -1.2771194  -0.00040858614
     0.096970705      -1.3354193  -0.00058866708
     0.098776967      -1.3917732   -0.0019291172
      0.10088512      -1.4459383   -0.0052672321
      0.10327668      -1.4977413   -0.0045630398
      0.10593246      -1.5470741   -0.0031916601
     0.089381384     -0.86769763    0.0023715496
     0.088529662     -0.93223663    0.0048351528
     0.088052924     -0.99775072  -8.3163787e-05
     0.087957266      -1.0636918    0.0039795689
     0.088243928      -1.1294899   -0.0023801961
     0.088909212      -1.1945825  -0.00032446325
     0.089944717      -1.2584426  -0.00019070536
     0.091337852      -1.3206024    0.0027234144
     0.093072559      -1.3806707   -0.0015759655
     0.095130154      -1.4383417  -0.00088365028
     0.097490195      -1.4933967    0.0028774539
      0.10013130      -1.5456994    0.0030962927
     0.085037513     -0.82356093    0.0029081524
     0.083941494     -0.89102068   -0.0012989209
     0.083236514     -0.95994235   -0.0069688806
     0.082932545      -1.0297039    0.0019994207
     0.083033992      -1.0996358    0.0041709055
     0.083539377      -1.1690590    0.0042378148
     0.084441448      -1.2373232   -0.0024823589
     0.085727684      -1.3038422   -0.0031707754
     0.087381121      -1.3681203   -0.0023626379
     0.089381384      -1.4297674    0.0028066932
     0.091705780      -1.4885040   -0.0024551203
     0.094330353      -1.5441557   0.00063348059
     0.080876896     -0.77477960  -0.00077381121
     0.079512230     -0.84512734    0.0028549942
     0.078553575     -0.91755929    0.0053124351
     0.078015899     -0.99138298    0.0036934680
     0.077907918      -1.0658196   -0.0040222743
     0.078231413      -1.1400508   2.4191811e-05
     0.078981081      -1.2132715    0.0029205396
     0.080144964      -1.2847410   0.00084787480
     0.081705362      -1.3538237    0.0027971811
     0.083640088      -1.4200152    0.0044862817
     0.085923857      -1.4829526   -0.0024038400
     0.088529662      -1.5424097   -0.0080479326
     0.076929273     -0.72085204  -6.6742892e-05
     0.075269928     -0.79394241    0.0020564128
     0.074029439     -0.86990125    0.0039084191
     0.073229098     -0.94798125   -0.0034574792
     0.072883404      -1.0272916    0.0011186888
     0.072998817      -1.1068526   -0.0030799422
     0.073573167      -1.1856661   -0.0015421513
     0.074595855      -1.2627890   -0.0016939778
     0.076048795      -1.3373965   -0.0052122115
     0.077907918      -1.4088267    0.0017527125
     0.080144964      -1.4766004  -0.00080224157
     0.082729279      -1.5404188    0.0017358657
     0.073229098     -0.66128611  -0.00066324074
     0.071247991     -0.73681429   -0.0071708582
     0.069695040     -0.81618017   -0.0014767313
     0.068599329     -0.89861725    0.0078056130
     0.067982971     -0.98313530   0.00021107720
     0.067859027      -1.0685776   0.00024437947
     0.068230182      -1.1537096   -0.0055097803
     0.069088457      -1.2373232   0.00096022238
     0.070416043      -1.3183353   -0.0015859758
     0.072187050      -1.3958630    0.0016215718
     0.074369807      -1.4692613   -0.0044874068
     0.076929273      -1.5381277   0.00064466311
     0.069815724     -0.59564266    0.0018644087
     0.067485831     -0.67308829   -0.0011223239
     0.065588004     -0.75553697    0.0013419148
     0.064160597     -0.84226918    0.0061305136
     0.063235473     -0.93223663    0.0012686822
     0.062834822      -1.0241076    0.0015574323
     0.062968656      -1.1163691   -0.0055052293
     0.063633602      -1.2074691   -0.0022713784
     0.064813316      -1.2959694   -0.0020136688
     0.066480399      -1.3806707    0.0034913791
     0.068599329      -1.4606871   -0.0055504650
     0.071129737      -1.5354631    0.0044662712
      0.12313197      -1.0589797    0.0011390530
      0.12815708      -1.0358774    0.0017046367
      0.13324541      -1.0145290    0.0058613811
      0.13838999     -0.99475928    0.0023646907
      0.14358476     -0.97641334   0.00081022409
      0.14882449     -0.95935382    0.0049868771
      0.15410457     -0.94345895   -0.0053669626
      0.15942100     -0.92862067   -0.0074386901
      0.16477026     -0.91474295    0.0025131462
      0.17014926     -0.90174030    0.0018380406
      0.17555525     -0.88953649    0.0040587939
      0.18098583     -0.87806342  -5.4907565e-05
      0.12333690      -1.1060428    0.0016322253
      0.12822275      -1.0811463    0.0037443664
      0.13318222      -1.0580905    0.0011936694
      0.13820737      -1.0367007    0.0069287084
      0.14329131      -1.0168200   -0.0020247361
      0.14842800     -0.99830855    0.0019435469
      0.15361213     -0.98104093   -0.0023338783
      0.15883907     -0.96490521   -0.0010026000
      0.16410473     -0.94980126    0.0036101768
      0.16940548     -0.93563947   0.00050170042
      0.17473815     -0.92233952   -0.0031665841
      0.18009990     -0.90982937  -0.00048334651
      0.12381377      -1.1528466   -0.0021117350
      0.12855060      -1.1262765    0.0041721608
      0.13337171      -1.1016108   -0.0083211311
      0.13826827      -1.0786790    0.0041506643
      0.14323255      -1.0573262    0.0044425459
      0.14825775      -1.0374123  -0.00014385461
      0.15333787      -1.0188109    0.0014096359
      0.15846764      -1.0014081   -0.0022471961
      0.16364239     -0.98510130    0.0019259682
      0.16885797     -0.96979797    0.0010741227
      0.17411073     -0.95541480    0.0039588634
      0.17939739     -0.94187669   -0.0041708158
      0.12455944      -1.1991907  -0.00043253689
      0.12913864      -1.1710863   0.00095665186
      0.13381282      -1.1449258    0.0046774762
      0.13857236      -1.1205467   -0.0046998928
      0.14340877      -1.0977991  -0.00022573358
      0.14831452      -1.0765459   -0.0019341717
      0.15328296      -1.0566620    0.0033777330
      0.15830819      -1.0380335   0.00069130336
      0.16338496      -1.0205569   -0.0036176138
      0.16850863      -1.0041383   0.00055774173
      0.17367503     -0.98869263   -0.0022525756
      0.17888046     -0.97414255   0.00028645703
      0.12556912      -1.2448866  -0.00084049133
      0.12998333      -1.2154020    0.0028442282
      0.13450306      -1.1878763   -0.0024145852
      0.13911804      -1.1621585   -0.0028045603
      0.14381909      -1.1381068    0.0011498124
      0.14859805      -1.1155899    0.0028186003
      0.15344764      -1.0944861    0.0036267792
      0.15836136      -1.0746835   -0.0060732579
      0.16333343      -1.0560796   -0.0041398572
      0.16835869      -1.0385806   -0.0021297037
      0.17343250      -1.0221006   -0.0089573189
      0.17855073      -1.0065615    0.0019893668
      0.12683652      -1.2897614    0.0021677881
      0.13107971      -1.2590610   -0.0039111146
      0.13543864      -1.2303109    0.0044640671
      0.13990249      -1.2033744   -0.0056946686
      0.14446154      -1.1781207   9.4956011e-05
      0.14910705      -1.1544263    0.0032773702
      0.15383119      -1.1321752    0.0035135431
      0.15862693      -1.1112598   -0.0010176366
      0.16348798      -1.0915799    0.0014959836
      0.16840868      -1.0730433    0.0030533155
      0.17338395      -1.0555648   0.00024841916
      0.17840922      -1.0390660   -0.0051970837
      0.12835399      -1.3336620    0.0025822806
      0.13242153      -1.3019156    0.0018965487
      0.13661451      -1.2720893   -0.0071777605
      0.14092172      -1.2440625    0.0036662355
      0.14533302      -1.2177175    0.0017889866
      0.14983921      -1.1929408  -0.00098276985
      0.15443199      -1.1696241   -0.0016143901
      0.15910385      -1.1476653    0.0032066362
      0.16384803      -1.1269687  -0.00092857439
      0.16865843      -1.1074447    0.0027215545
      0.17352955      -1.0890101    0.0045682329
      0.17845640      -1.0715878    0.0013155650
      0.13011279      -1.3764565   0.00078674646
      0.13400142      -1.3438352  -0.00099320940
      0.13802452      -1.3130845  -0.00027851903
      0.14217068      -1.2841012    0.0016599150
      0.14642945      -1.2567819    0.0044970542
      0.15079129      -1.2310249    0.0011271600
      0.15524751      -1.2067311  -0.00042619194
      0.15979021      -1.1838057    0.0020587881
      0.16441223      -1.1621585   -0.0070371600
      0.16910706      -1.1417040    0.0015698029
      0.17386881      -1.1223622   -0.0029755081
      0.17869211      -1.1040581    0.0016691570
      0.13210329      -1.4180357  -0.00086651629
      0.13581107      -1.3847081   0.00071077124
      0.13966159      -1.3531848    0.0042614489
      0.14364338      -1.3233808  -0.00086609677
      0.14774583      -1.2952081    0.0016070926
      0.15195916      -1.2685774   -0.0040415077
      0.15627440      -1.2434005   -0.0024336802
      0.16068334      -1.2195907   0.00085276970
      0.16517849      -1.1970647    0.0027410154
      0.16975298      -1.1757423   -0.0013329789
      0.17440059      -1.1555477    0.0028400246
      0.17911561      -1.1364088   0.00051116538
      0.13431517      -1.4583133   -0.0024318374
      0.13784142      -1.4244417    0.0010363071
      0.14151784      -1.3922947   0.00079173966
      0.14533302      -1.3618053   -0.0034052009
      0.14927633      -1.3329010   0.00029765073
      0.15333787      -1.3055060    0.0015016381
      0.15750851      -1.2795432   0.00055967959
      0.16177981      -1.2549354   0.00037618644
      0.16614400      -1.2316069    0.0038792284
      0.17059396      -1.2094839   0.00049192493
      0.17512315      -1.1884954   -0.0044796318
      0.17972557      -1.1685734   0.00061425265
      0.13673769      -1.4972251   0.00068729317
      0.14008289      -1.4629631  -0.00053135747
      0.14358476      -1.4303355    0.0027025187
      0.14723213      -1.3992928    0.0042350379
      0.15101444      -1.3697778  -0.00012908431
      0.15492181      -1.3417281   -0.0055018440
      0.15894503      -1.3150784    0.0012578106
      0.16307552      -1.2897614    0.0027267025
      0.16730534      -1.2657098   -0.0013355886
      0.17162713      -1.2428568    0.0044455708
      0.17603413      -1.2211372    0.0066433772
      0.18052009      -1.2004877    0.0015682900
      0.13935988      -1.5347276    0.0040663029
      0.14252552      -1.5002178   -0.0010165673
      0.14585341      -1.4672450  -0.00085962819
      0.14933271      -1.4357757   -0.0011523906
      0.15295308      -1.4057676  -1.5101627e-05
      0.15670476      -1.3771716   -0.0081720260
      0.16057853      -1.3499339  -0.00070286652
      0.16456577      -1.3239976    0.0037706421
      0.16865843      -1.2993041    0.0045250669
      0.17284904      -1.2757942    0.0016374423
      0.17713063      -1.2534089   -0.0018919825
      0.18149677      -1.2320904    0.0013503834
