    0.0029014425      0.52359878  -0.00049320180
    0.0076764953       1.2373232  -0.00036700108
     0.013296080       1.3806707  -0.00056408524
     0.019026031       1.4383417  -7.1044494e-05
     0.024789936       1.4692613  -0.00068897188
     0.030568593       1.4885040  -0.00062844457
     0.036354970       1.5016248  -0.00027920264
     0.042145887       1.5111413  -0.00026282349
     0.047939698       1.5183581   -0.0025147486
     0.053735467       1.5240183  -0.00027255302
     0.059532623       1.5285763  -0.00069074696
     0.065330796       1.5323253   0.00068616166
    0.0076764953     -0.19012560  -0.00041301304
    0.0087043275      0.52359878  -0.00059922097
     0.012647095      0.93223663  -0.00063609284
     0.017648786       1.1294899   0.00011429150
     0.023029486       1.2373232   6.3952554e-05
     0.028575895       1.3038422  -7.3599785e-05
     0.034207502       1.3486067  -2.1046118e-05
     0.039888240       1.3806707   0.00037244208
     0.045599748       1.4047223   0.00091481883
     0.051331758       1.4234114  -0.00014496813
     0.057078092       1.4383417   -0.0019495544
     0.062834822       1.4505387  -0.00088351460
     0.013296080     -0.33347317  -0.00017993679
     0.012647095      0.11496092    0.0010417423
     0.014507212      0.52359878    0.0017014782
     0.018119503      0.80463368  -2.0718637e-05
     0.022660990      0.98313530   -0.0012439253
     0.027677997       1.0996358    0.0013270834
     0.032954052       1.1796521  -0.00031271693
     0.038382476       1.2373232    0.0017834428
     0.043906792       1.2805974  -0.00021101089
     0.049494901       1.3141517    0.0038756666
     0.055127407       1.3408745   -0.0011278098
     0.060791971       1.3626305  -7.6736864e-05
     0.019026031     -0.39114418    0.0037263834
     0.017648786    -0.082292343  -0.00062705018
     0.018119503      0.24256387   -0.0026109218
     0.020310097      0.52359878   0.00068659614
     0.023749330      0.73681429   0.00033317729
     0.027980498      0.89102068  -0.00015980839
     0.032697596       1.0028152    0.0026411498
     0.037718752       1.0856686  -0.00024781194
     0.042937428       1.1487325  -0.00041311618
     0.048289627       1.1979787   -0.0023629297
     0.053735467       1.2373232   4.1624167e-05
     0.059249132       1.2693872   0.00065762431
     0.024789936     -0.42206380  -0.00064618538
     0.023029486     -0.19012560   0.00065877299
     0.022660990     0.064062249    0.0048451778
     0.023749330      0.31038327   0.00045739489
     0.026112982      0.52359878   0.00022689017
     0.029446425      0.69510233   0.00010859956
     0.033461067      0.82868530   0.00029674067
     0.037941284      0.93223663  -4.7524714e-05
     0.042740917       1.0132488  -0.00082036847
     0.047763772       1.0775751   -0.0011274734
     0.052946357       1.1294899   0.00070766806
     0.058246052       1.1720556    0.0010261960
     0.030568593     -0.44130643  -0.00059658525
     0.028575895     -0.25664466   0.00023380286
     0.027677997    -0.052438271   3.6650263e-05
     0.027980498      0.15617687  -0.00064183277
     0.029446425      0.35209522   0.00066406046
     0.031915867      0.52359878  -4.0995838e-05
     0.035178121      0.66694634  -0.00030119847
     0.039034916      0.78401695   0.00010588358
     0.043327776      0.87899313   -0.0017134398
     0.047939698      0.95628825  -0.00013416651
     0.052787119       1.0197116    0.0014377875
     0.057810832       1.0722945   0.00030605909
     0.036354970     -0.45442728   0.00041625780
     0.034207502     -0.30140915  -0.00063427281
     0.032954052     -0.13245460  -0.00036555954
     0.032697596     0.044382395  -0.00057519314
     0.033461067      0.21851225  -0.00034175487
     0.035178121      0.38025121   -0.0017843057
     0.037718752      0.52359878    0.0011391454
     0.040929883      0.64669121   -0.0014438977
     0.044667139      0.75055985   -0.0012265183
     0.048809818      0.83761316   -0.0013247813
     0.053263404      0.91058938  -0.00027271963
     0.057956268      0.97203287   0.00049078644
     0.042145887     -0.46394375  -4.1527442e-05
     0.039888240     -0.33347317   0.00074579444
     0.038382476     -0.19012560   -0.0026348172
     0.037718752    -0.038471027   0.00029133263
     0.037941284      0.11496092  -0.00039176382
     0.039034916      0.26318061  -0.00099616779
     0.040929883      0.40050634  -0.00021202314
     0.043521637      0.52359878  -0.00027894032
     0.046694298      0.63143204  -0.00059817141
     0.050338146      0.72461735   -0.0022612392
     0.054358508      0.80463368  -7.4089620e-05
     0.058678043      0.87325792  -0.00042054278
     0.047939698     -0.47116050  -0.00026953704
     0.045599748     -0.35752479  -0.00016232925
     0.043906792     -0.23339984    0.0019137375
     0.042937428     -0.10153498  -0.00064046872
     0.042740917     0.033948732  -0.00051272696
     0.043327776      0.16820442   0.00040664659
     0.044667139      0.29663770  -0.00029519370
     0.046694298      0.41576552  -0.00057717167
     0.049324522      0.52359878  -0.00059033949
     0.052467195      0.61952847  -7.2938872e-05
     0.056036162      0.70393909  -0.00025937961
     0.059955345      0.77778663  -0.00070392796
     0.053735467     -0.47682074  -1.6003372e-05
     0.051331758     -0.37621381   0.00026669414
     0.049494901     -0.26695412   0.00049337643
     0.048289627     -0.15078113  -0.00092538880
     0.047763772    -0.030377509   0.00041497772
     0.047939698     0.090909298  -0.00080277850
     0.048809818      0.20958439   0.00038181790
     0.050338146      0.32258020   0.00032392291
     0.052467195      0.42766908   0.00042984011
     0.055127407      0.52359878   0.00041014533
     0.058246052      0.60998578  -0.00013935847
     0.061753712      0.68708375  -0.00029026754
     0.059532623     -0.48137874  -0.00057255980
     0.057078092     -0.39114418  -0.00028068810
     0.055127407     -0.29367693   0.00052403717
     0.053735467     -0.19012560  -0.00010788321
     0.052946357    -0.082292343  -0.00014851058
     0.052787119     0.027485946   -0.0012980183
     0.053263404      0.13660817  -0.00039129677
     0.054358508      0.24256387  -0.00033400762
     0.056036162      0.34325846  -0.00071423893
     0.058246052      0.43721177  -0.00013570898
     0.060930292      0.52359878  -0.00089117199
     0.064029255      0.60216630  -0.00018461018
     0.065330796     -0.48512775   -0.0012399227
     0.062834822     -0.40334111   6.7568908e-05
     0.060791971     -0.31543293   0.00040513252
     0.059249132     -0.22218963  -0.00037066402
     0.058246052     -0.12485803  -5.1831425e-05
     0.057810832    -0.025096915    0.0018058823
     0.057956268     0.075164683    0.0012593224
     0.058678043      0.17393963   -0.0012145170
     0.059955345      0.26941092  -0.00069525883
     0.061753712      0.36011380  -9.2421028e-05
     0.064029255      0.44503126    0.0012840003
     0.066733177      0.52359878   1.7087928e-05
    0.0029014425       2.6179939   -0.0019328829
    0.0076764953      -2.9514671   0.00023744085
     0.013296080      -2.8081195  -0.00025714954
     0.019026031      -2.7504485  -0.00024230778
     0.024789936      -2.7195289    0.0012712114
     0.030568593      -2.7002862   3.0147632e-05
     0.036354970      -2.6871654   0.00022612346
     0.042145887      -2.6776489  -0.00047304642
     0.047939698      -2.6704321   0.00067170916
     0.053735467      -2.6647719  -0.00031870610
     0.059532623      -2.6602139   0.00020481044
     0.065330796      -2.6564649   0.00011951266
    0.0076764953       1.9042695  -0.00086767280
    0.0087043275       2.6179939   0.00032345248
     0.012647095       3.0266317   0.00031271632
     0.017648786      -3.0593003    0.0011616421
     0.023029486      -2.9514671   9.5733365e-05
     0.028575895      -2.8849480  -0.00076286577
     0.034207502      -2.8401835   0.00020002080
     0.039888240      -2.8081195  -0.00043853388
     0.045599748      -2.7840679    0.0021425718
     0.051331758      -2.7653788  -0.00045995198
     0.057078092      -2.7504485   0.00059071034
     0.062834822      -2.7382515   0.00030480571
     0.013296080       1.7609219    0.0036554704
     0.012647095       2.2093560   -0.0019747874
     0.014507212       2.6179939    0.0029990891
     0.018119503       2.8990288   0.00050929187
     0.022660990       3.0775304  -0.00092974367
     0.027677997      -3.0891544   -0.0026308723
     0.032954052      -3.0091381   0.00040354621
     0.038382476      -2.9514671  -0.00011544800
     0.043906792      -2.9081928   0.00046371011
     0.049494901      -2.8746385   6.4527157e-05
     0.055127407      -2.8479157   0.00074164149
     0.060791971      -2.8261597  -0.00057490517
     0.019026031       1.7032509    0.0021839298
     0.017648786       2.0121028  -0.00010338038
     0.018119503       2.3369590   0.00046036841
     0.020310097       2.6179939   0.00058329756
     0.023749330       2.8312094  -0.00080660662
     0.027980498       2.9854158   0.00035550097
     0.032697596       3.0972103    0.0016319337
     0.037718752      -3.1031216   0.00037054186
     0.042937428      -3.0400577   0.00040819329
     0.048289627      -2.9908115  -0.00013613180
     0.053735467      -2.9514671  -0.00067417015
     0.059249132      -2.9194030   -0.0021998027
     0.024789936       1.6723313   0.00052841815
     0.023029486       1.9042695    0.0011533010
     0.022660990       2.1584574  -0.00015580782
     0.023749330       2.4047784   -0.0013026512
     0.026112982       2.6179939   0.00050205096
     0.029446425       2.7894974   -0.0036808935
     0.033461067       2.9230804    0.0018222085
     0.037941284       3.0266317  -0.00053597339
     0.042740917       3.1076439  -0.00098165125
     0.047763772      -3.1112151   -0.0019653062
     0.052946357      -3.0593003    0.0012457223
     0.058246052      -3.0167346   -0.0019394410
     0.030568593       1.6530887   6.9400205e-05
     0.028575895       1.8377504   1.0623784e-06
     0.027677997       2.0419568   0.00091421480
     0.027980498       2.2505720    0.0017465032
     0.029446425       2.4464903   -0.0012836706
     0.031915867       2.6179939   -0.0019455490
     0.035178121       2.7613414   -0.0015806019
     0.039034916       2.8784120   0.00043820073
     0.043327776       2.9733882  -0.00042797082
     0.047939698       3.0506834    0.0010328238
     0.052787119       3.1141067  -0.00047213756
     0.057810832      -3.1164957   -0.0012388893
     0.036354970       1.6399678  -0.00035251231
     0.034207502       1.7929860   0.00063902779
     0.032954052       1.9619405   0.00056057342
     0.032697596       2.1387775   0.00044652000
     0.033461067       2.3129074   0.00081973574
     0.035178121       2.4746463  -0.00066022253
     0.037718752       2.6179939  -0.00038215025
     0.040929883       2.7410863   5.5650558e-05
     0.044667139       2.8449550  -0.00050943004
     0.048809818       2.9320083   -0.0015103708
     0.053263404       3.0049845    0.0054035346
     0.057956268       3.0664280  -0.00012583500
     0.042145887       1.6304514    0.0011733495
     0.039888240       1.7609219    0.0025153196
     0.038382476       1.9042695   0.00066687101
     0.037718752       2.0559241  -0.00064192727
     0.037941284       2.2093560    0.0031481129
     0.039034916       2.3575757  -0.00056584215
     0.040929883       2.4949014  -5.4366190e-05
     0.043521637       2.6179939   0.00043593041
     0.046694298       2.7258271  -0.00045092651
     0.050338146       2.8190125   -0.0017677655
     0.054358508       2.8990288  -0.00048787904
     0.058678043       2.9676530  -0.00079615386
     0.047939698       1.6232346   -0.0012249038
     0.045599748       1.7368703  -0.00010076844
     0.043906792       1.8609953   0.00019308927
     0.042937428       1.9928601  -0.00014854157
     0.042740917       2.1283438  -0.00054859273
     0.043327776       2.2625995    0.0023479212
     0.044667139       2.3910328  -0.00041191053
     0.046694298       2.5101606  -0.00018592349
     0.049324522       2.6179939   0.00076286608
     0.052467195       2.7139236  -0.00066899273
     0.056036162       2.7983342   0.00017799184
     0.059955345       2.8721817    0.0010162772
     0.053735467       1.6175744  -0.00022858861
     0.051331758       1.7181813  -0.00026296778
     0.049494901       1.8274410   0.00060387457
     0.048289627       1.9436140  -0.00063845601
     0.047763772       2.0640176  -0.00051745295
     0.047939698       2.1853044  -0.00098129007
     0.048809818       2.3039795  -0.00015382375
     0.050338146       2.4169753   0.00026229397
     0.052467195       2.5220642   -0.0010847780
     0.055127407       2.6179939   -0.0025601456
     0.058246052       2.7043809  -0.00088851870
     0.061753712       2.7814789   -0.0037156174
     0.059532623       1.6130164  -0.00053556869
     0.057078092       1.7032509  -0.00061697590
     0.055127407       1.8007182   0.00017042568
     0.053735467       1.9042695   -0.0017739942
     0.052946357       2.0121028    0.0013940896
     0.052787119       2.1218810   0.00057987070
     0.053263404       2.2310033  -0.00065349130
     0.054358508       2.3369590   0.00027563949
     0.056036162       2.4376536  -0.00012026199
     0.058246052       2.5316069    0.0012010076
     0.060930292       2.6179939  -0.00010071395
     0.064029255       2.6965614    0.0021523173
     0.065330796       1.6092674  -0.00020354452
     0.062834822       1.6910540    0.0022161452
     0.060791971       1.7789622  -0.00024964428
     0.059249132       1.8722055  -0.00025816564
     0.058246052       1.9695371   0.00037481221
     0.057810832       2.0692982    0.0026506155
     0.057956268       2.1695598  -0.00019565595
     0.058678043       2.2683347  -0.00098817784
     0.059955345       2.3638060   0.00023523701
     0.061753712       2.4545089  -0.00034643273
     0.064029255       2.5394264   -0.0022990271
     0.066733177       2.6179939  -0.00028132859
    0.0029014425      -1.5707963  -0.00011899743
    0.0076764953     -0.85707195   0.00039874941
     0.013296080     -0.71372438    0.0024105316
     0.019026031     -0.65605337    0.0029764936
     0.024789936     -0.62513375  -5.8198562e-05
     0.030568593     -0.60589112  -0.00017407893
     0.036354970     -0.59277027  -0.00063999333
     0.042145887     -0.58325380   0.00031627143
     0.047939698     -0.57603705  -0.00039720927
     0.053735467     -0.57037681   0.00072333989
     0.059532623     -0.56581881   0.00063503035
     0.065330796     -0.56206980   0.00061096000
    0.0076764953      -2.2845207  -9.2134085e-05
    0.0087043275      -1.5707963  -1.4667486e-05
     0.012647095      -1.1621585   -0.0010736679
     0.017648786     -0.96490521   0.00045898521
     0.023029486     -0.85707195   0.00031730843
     0.028575895     -0.79055289    0.0012145928
     0.034207502     -0.74578840   -0.0014565247
     0.039888240     -0.71372438   0.00054879781
     0.045599748     -0.68967276  -0.00033788668
     0.051331758     -0.67098374   0.00062020426
     0.057078092     -0.65605337  -0.00055990229
     0.062834822     -0.64385644  -0.00047379113
     0.013296080      -2.4278683  -3.3615164e-05
     0.012647095      -1.9794342  -0.00043758264
     0.014507212      -1.5707963  -0.00034601956
     0.018119503      -1.2897614  -0.00042874842
     0.022660990      -1.1112598   -0.0034735416
     0.027677997     -0.99475928   -0.0020284145
     0.032954052     -0.91474295  -0.00029425745
     0.038382476     -0.85707195   -0.0010876071
     0.043906792     -0.81379771    0.0013483304
     0.049494901     -0.78024343    0.0029023219
     0.055127407     -0.75352062   -0.0017682022
     0.060791971     -0.73176462  -0.00020100975
     0.019026031      -2.4855393   -0.0011235132
     0.017648786      -2.1766874  -0.00028193773
     0.018119503      -1.8518312  -0.00032320764
     0.020310097      -1.5707963  -0.00098583409
     0.023749330      -1.3575808   -0.0011646034
     0.027980498      -1.2033744   0.00088856008
     0.032697596      -1.0915799   1.1041071e-05
     0.037718752      -1.0087265   0.00061930318
     0.042937428     -0.94566257   0.00050283339
     0.048289627     -0.89641642   -0.0018825711
     0.053735467     -0.85707195   0.00036463913
     0.059249132     -0.82500793  -0.00065831568
     0.024789936      -2.5164589    0.0034438792
     0.023029486      -2.2845207  -0.00036796746
     0.022660990      -2.0303329  -0.00044836717
     0.023749330      -1.7840118    0.0025517432
     0.026112982      -1.5707963   -0.0013483468
     0.029446425      -1.3992928   0.00054092280
     0.033461067      -1.2657098  -0.00056089987
     0.037941284      -1.1621585   0.00050018093
     0.042740917      -1.0811463   0.00063066682
     0.047763772      -1.0168200  -5.7875905e-05
     0.052946357     -0.96490521   0.00054181497
     0.058246052     -0.92233952   0.00041901792
     0.030568593      -2.5357015   0.00071648026
     0.028575895      -2.3510398    0.0024885614
     0.027677997      -2.1468334   0.00021642063
     0.027980498      -1.9382182  -0.00027838317
     0.029446425      -1.7422999   0.00059123801
     0.031915867      -1.5707963    0.0014328345
     0.035178121      -1.4274488   0.00040593693
     0.039034916      -1.3103782  -7.2776620e-05
     0.043327776      -1.2154020   7.4871063e-05
     0.047939698      -1.1381068   0.00031479034
     0.052787119      -1.0746835  -0.00050337443
     0.057810832      -1.0221006  -0.00010746378
     0.036354970      -2.5488224  -0.00055139776
     0.034207502      -2.3958043   0.00075746393
     0.032954052      -2.2268497   -0.0014306016
     0.032697596      -2.0500127   -0.0011979751
     0.033461067      -1.8758829  -0.00013824529
     0.035178121      -1.7141439  -0.00020531041
     0.037718752      -1.5707963  -0.00094703275
     0.040929883      -1.4477039   0.00014605137
     0.044667139      -1.3438352  -0.00062734826
     0.048809818      -1.2567819  -9.7173341e-05
     0.053263404      -1.1838057   0.00048706120
     0.057956268      -1.1223622  -0.00030948359
     0.042145887      -2.5583389   -0.0024759905
     0.039888240      -2.4278683  -0.00039032223
     0.038382476      -2.2845207  -0.00066909456
     0.037718752      -2.1328661   6.7121160e-05
     0.037941284      -1.9794342   -0.0015130628
     0.039034916      -1.8312145  -0.00053944693
     0.040929883      -1.6938888  -0.00067852273
     0.043521637      -1.5707963   -0.0015558810
     0.046694298      -1.4629631   -0.0015993050
     0.050338146      -1.3697778   1.6478776e-05
     0.054358508      -1.2897614  -0.00043166526
     0.058678043      -1.2211372   0.00053384225
     0.047939698      -2.5655556    0.0028753327
     0.045599748      -2.4519199  -0.00041621016
     0.043906792      -2.3277949  -0.00068248932
     0.042937428      -2.1959301  -0.00056972732
     0.042740917      -2.0604464   0.00037220250
     0.043327776      -1.9261907    0.0051813815
     0.044667139      -1.7977574   0.00062827016
     0.046694298      -1.6786296   0.00037608635
     0.049324522      -1.5707963   0.00045818883
     0.052467195      -1.4748666  -0.00046172849
     0.056036162      -1.3904560    0.0011558271
     0.059955345      -1.3166085  -7.5366804e-05
     0.053735467      -2.5712158   0.00069282081
     0.051331758      -2.4706089  -0.00011524131
     0.049494901      -2.3613492  -0.00079721676
     0.048289627      -2.2451762  -0.00050075864
     0.047763772      -2.1247726  -0.00063708990
     0.047939698      -2.0034858  -0.00076010216
     0.048809818      -1.8848107   -0.0027181865
     0.050338146      -1.7718149  -0.00037302160
     0.052467195      -1.6667260  -7.0860280e-05
     0.055127407      -1.5707963    0.0031852506
     0.058246052      -1.4844093  -0.00018290274
     0.061753712      -1.4073114   0.00038359929
     0.059532623      -2.5757738   0.00046264920
     0.057078092      -2.4855393    0.0012791595
     0.055127407      -2.3880720  -0.00076209548
     0.053735467      -2.2845207  -0.00021243867
     0.052946357      -2.1766874   0.00043175917
     0.052787119      -2.0669092  -0.00060722723
     0.053263404      -1.9577869  -0.00044980194
     0.054358508      -1.8518312    0.0011399011
     0.056036162      -1.7511366   8.6903530e-05
     0.058246052      -1.6571833   -0.0029590043
     0.060930292      -1.5707963   -0.0012788368
     0.064029255      -1.4922288  -0.00094179130
     0.065330796      -2.5795229   -0.0017122201
     0.062834822      -2.4977362  -0.00017971512
     0.060791971      -2.4098280  -0.00038429950
     0.059249132      -2.3165847   -0.0015176008
     0.058246052      -2.2192531  -0.00051502579
     0.057810832      -2.1194920  -0.00061983638
     0.057956268      -2.0192304  -6.2203859e-05
     0.058678043      -1.9204555  -0.00031635667
     0.059955345      -1.8249842    0.0026977305
     0.061753712      -1.7342813   0.00016898071
     0.064029255      -1.6493638  -0.00079858311
     0.066733177      -1.5707963    0.0015788556
      0.12313197       1.0354154   7.2823319e-06
      0.12815708       1.0585177  -0.00073398076
      0.13324541       1.0798661   -0.0012972846
      0.13838999       1.0996358   -0.0012077251
      0.14358476       1.1179818   0.00018049336
      0.14882449       1.1350413   -0.0017787225
      0.15410457       1.1509362   0.00090293999
      0.15942100       1.1657744   0.00035283821
      0.16477026       1.1796521  -0.00091101909
      0.17014926       1.1926548  -0.00059207442
      0.17555525       1.2048586  -0.00093724653
      0.18098583       1.2163317  -0.00055968124
      0.12333690      0.98835228   -0.0022990246
      0.12822275       1.0132488    0.0016262315
      0.13318222       1.0363046  -0.00040770624
      0.13820737       1.0576944  -5.6441909e-05
      0.14329131       1.0775751   -0.0011665171
      0.14842800       1.0960866   -0.0020890788
      0.15361213       1.1133542  -0.00030313246
      0.15883907       1.1294899  -0.00045472081
      0.16410473       1.1445938   -0.0015330262
      0.16940548       1.1587556   0.00062934940
      0.17473815       1.1720556   -0.0012386499
      0.18009990       1.1845657    0.0012018968
      0.12381377      0.94154846  -0.00053583054
      0.12855060      0.96811865  -0.00060650051
      0.13337171      0.99278431   0.00066281197
      0.13826827       1.0157161   0.00030474656
      0.14323255       1.0370689    0.0026077064
      0.14825775       1.0569828   0.00025759227
      0.15333787       1.0755842   0.00064903388
      0.15846764       1.0929870    0.0025821644
      0.16364239       1.1092938  -0.00016305133
      0.16885797       1.1245971   0.00039465774
      0.17411073       1.1389803  -0.00059045287
      0.17939739       1.1525184  -0.00021308763
      0.12455944      0.89520435  -0.00057386167
      0.12913864      0.92330877  -0.00056909463
      0.13381282      0.94946926    0.0023169969
      0.13857236      0.97384843   -0.0017314641
      0.14340877      0.99659602  -0.00061238700
      0.14831452       1.0178492  -0.00095047022
      0.15328296       1.0377331  -0.00028762343
      0.15830819       1.0563616  -0.00053951400
      0.16338496       1.0738382   0.00065763810
      0.16850863       1.0902568   0.00065359127
      0.17367503       1.1057025   0.00063843940
      0.17888046       1.1202526   -0.0024249693
      0.12556912      0.84950855  -0.00065949088
      0.12998333      0.87899313    0.0023185691
      0.13450306      0.90651878   0.00097904267
      0.13911804      0.93223663   0.00056101628
      0.14381909      0.95628825   0.00029316184
      0.14859805      0.97880520    0.0012017355
      0.15344764      0.99990904  -0.00015849734
      0.15836136       1.0197116   0.00062529193
      0.16333343       1.0383155  -0.00086436048
      0.16835869       1.0558145  -0.00012190329
      0.17343250       1.0722945    0.0012712322
      0.17855073       1.0878336    0.0012753991
      0.12683652      0.80463368   0.00031047549
      0.13107971      0.83533415   -0.0015544973
      0.13543864      0.86408418   -0.0022993826
      0.13990249      0.89102068  -0.00024332599
      0.14446154      0.91627438  -9.4666284e-05
      0.14910705      0.93996885    0.0016968182
      0.15383119      0.96221986  -0.00062281993
      0.15862693      0.98313530   0.00018901260
      0.16348798       1.0028152  -0.00067899430
      0.16840868       1.0213518   1.0090786e-05
      0.17338395       1.0388304  -7.0709727e-05
      0.17840922       1.0553291    0.0017659828
      0.12835399      0.76073308   -0.0011389639
      0.13242153      0.79247953    0.0011293596
      0.13661451      0.82230583  -0.00041856307
      0.14092172      0.85033255    0.0012426241
      0.14533302      0.87667756  -4.9801580e-05
      0.14983921      0.90145434   -0.0025326648
      0.15443199      0.92477103   0.00052531707
      0.15910385      0.94672976  -0.00031163079
      0.16384803      0.96742638  -0.00084392435
      0.16865843      0.98695037  -0.00094389104
      0.17352955       1.0053850   -0.0032568684
      0.17845640       1.0228073  -0.00052660931
      0.13011279      0.71793859   0.00043909623
      0.13400142      0.75055985    0.0019725422
      0.13802452      0.78131062  -0.00011761926
      0.14217068      0.81029391  -2.6265996e-05
      0.14642945      0.83761316  -0.00049555051
      0.15079129      0.86337023  -6.2736695e-05
      0.15524751      0.88766401  -6.4867934e-05
      0.15979021      0.91058938  -0.00016932518
      0.16441223      0.93223663   0.00063698100
      0.16910706      0.95269107  -0.00057839118
      0.17386881      0.97203287   0.00016427552
      0.17869211      0.99033705   -0.0015508721
      0.13210329      0.67635939   0.00053718918
      0.13581107      0.70968699  -0.00095450899
      0.13966159      0.74121033    0.0013360072
      0.14364338      0.77101429   2.8144460e-05
      0.14774583      0.79918703    0.0043621736
      0.15195916      0.82581767   4.0426277e-05
      0.15627440      0.85099465  -0.00047946025
      0.16068334      0.87480440  -7.3902122e-05
      0.16517849      0.89733044   0.00014582889
      0.16975298      0.91865275  -0.00047245601
      0.17440059      0.93884742    0.0011703187
      0.17911561      0.95798634   0.00040660401
      0.13431517      0.63608180   3.4408735e-05
      0.13784142      0.66995337  -0.00013853787
      0.14151784      0.70210040  -0.00020157630
      0.14533302      0.73258980  -0.00028357139
      0.14927633      0.76149408  -0.00021652099
      0.15333787      0.78888906  -0.00057496008
      0.15750851      0.81485191  -0.00048064969
      0.16177981      0.83945969   -0.0010489917
      0.16614400      0.86278822   0.00022975010
      0.17059396      0.88491123    0.0038492145
      0.17512315      0.90589974    0.0033270303
      0.17972557      0.92582172    0.0016683301
      0.13673769      0.59717004   -0.0014355539
      0.14008289      0.63143204  -0.00018071757
      0.14358476      0.66405960   0.00038825614
      0.14723213      0.69510233  -0.00040278808
      0.15101444      0.72461735   9.6535082e-06
      0.15492181      0.75266697  -0.00068609767
      0.15894503      0.77931671    0.0025922633
      0.16307552      0.80463368  -0.00047975746
      0.16730534      0.82868530   5.7795418e-05
      0.17162713      0.85153830   0.00033559523
      0.17603413      0.87325792  -0.00037796074
      0.18052009      0.89390742   0.00020946118
      0.13935988      0.55966752  -0.00042625250
      0.14252552      0.59417730    0.0010814244
      0.14585341      0.62715011   0.00040639008
      0.14933271      0.65861937    0.0017576020
      0.15295308      0.68862746   0.00069431795
      0.15670476      0.71722346   0.00054053891
      0.16057853      0.74446116   -0.0012772057
      0.16456577      0.77039747   0.00040472124
      0.16865843      0.79509099   0.00015533977
      0.17284904      0.81860092   -0.0019109310
      0.17713063      0.84098618   -0.0010557110
      0.18149677      0.86230468   0.00041945973
      0.12064559       1.0712492    0.0010302597
      0.11573083       1.0973598  -0.00068092963
      0.11090192       1.1257651  -0.00056863543
      0.10617060       1.1567289  -0.00026469288
      0.10155049       1.1905451  -0.00015850340
     0.097057480       1.2275379  -0.00043011453
     0.092710055       1.2680599   0.00082307743
     0.088529662       1.3124878  -0.00054360294
     0.084541084       1.3612119  -0.00063281460
     0.080772740       1.4146195   0.00070505004
     0.077256866       1.4730680  -0.00058205309
     0.074029439       1.5368476  -0.00064212085
      0.12577009       1.0933528  -0.00067909036
      0.12092438       1.1192414   0.00023965725
      0.11616645       1.1472709   1.3257996e-05
      0.11150753       1.1776681   0.00042235840
      0.10696057       1.2106825  -0.00078186384
      0.10254044       1.2465852   0.00042275240
     0.098264280       1.2856668  -0.00051965572
     0.094151697       1.3282325    0.0012814448
     0.090225065       1.3745934   0.00038763774
     0.086509708       1.4250531   0.00049874922
     0.083033992       1.4798870  -0.00040546950
     0.079829224       1.5393149  -0.00021953815
      0.13095120       1.1137166   0.00067832015
      0.12617105       1.1393122  -0.00020545142
      0.12148004       1.1669038  -0.00062120131
      0.11688889       1.1966871   0.00047713573
      0.11240984       1.2288743  -0.00064413160
      0.10805682       1.2636934   -0.0010684110
      0.10384570       1.3013854   -0.0013839167
     0.099794439       1.3421997    0.0011488361
     0.095923286       1.3863870  -0.00056183038
     0.092254922       1.4341882   0.00060227691
     0.088814477       1.4858186   -0.0010007827
     0.085629428       1.5414480   0.00061448038
      0.13618247       1.1325232   -0.0013999852
      0.13146448       1.1577736  -0.00036456566
      0.12683652       1.1848849   0.00036968231
      0.12230879       1.2140262    0.0014497954
      0.11789286       1.2453790   0.00060937753
      0.11360176       1.2791357  -0.00055817140
      0.10945016       1.3154975  -0.00027825627
      0.10545456       1.3546698   4.5914584e-05
      0.10163335       1.3968567   0.00034510367
     0.098006931       1.4422515    0.0023176812
     0.094597705       1.4910252  -0.00064124398
     0.091429973       1.5433104  -0.00052550947
      0.14145834       1.1499328   7.8402787e-05
      0.13679924       1.1748005   0.00096315722
      0.13223068       1.2014039   0.00096416715
      0.12776234       1.2298896   -0.0014846536
      0.12340514       1.2604131   0.00082187470
      0.11917125       1.2931377   0.00033824629
      0.11507430       1.3282325  -0.00041396603
      0.11112941       1.3658680    0.0038557817
      0.10735337       1.4062116  -1.5847893e-05
      0.10376461       1.4494205  -0.00050227083
      0.10038320       1.4956316  -0.00024113297
     0.097230797       1.5449506   0.00015809465
      0.14677399       1.1660860  -0.00025981982
      0.14217068       1.1905451  -2.5119983e-07
      0.13765808       1.2166243  -0.00089195179
      0.13324541       1.2444508  -4.4103156e-05
      0.12894292       1.2741586  -0.00075779891
      0.12476203       1.3058871   0.00064819562
      0.12071535       1.3397789  -0.00034033027
      0.11681685       1.3759769  -0.00036007053
      0.11308184       1.4146195  -3.1284522e-05
      0.10952705       1.4558354  -7.4379026e-05
      0.10617060       1.4997360   0.00019723154
      0.10303185       1.5464061  -0.00032101821
      0.15212526       1.1811064  -0.00025351339
      0.14757479       1.2051400  -0.00062261498
      0.14311496       1.2306870   0.00050900867
      0.13875449       1.2578584   -0.0018892102
      0.13450306       1.2867700  -0.00056035328
      0.13037134       1.3175412   0.00040141391
      0.12637106       1.3502932  -0.00051905448
      0.12251511       1.3851463  -0.00067596939
      0.11881752       1.4222160  -0.00021264500
      0.11529356       1.4616088  -0.00070448332
      0.11195959       1.5034160   0.00079790819
      0.10883310       1.5477064   0.00011125917
      0.15750851       1.1951031  -0.00031131808
      0.15300811       1.2187011  -0.00010701581
      0.14859805       1.2437144  -0.00013814410
      0.14428661       1.2702400  -0.00032927352
      0.14008289       1.2983784    0.0020519857
      0.13599690       1.3282325  -0.00013459744
      0.13203954       1.3599057  -0.00045104453
      0.12822275       1.3935000   0.00064488166
      0.12455944       1.4291126   -0.0018048874
      0.12106354       1.4668321  -0.00024882116
      0.11774996       1.5067341  -0.00072721984
      0.11463452       1.5488751   0.00060494333
      0.16292058       1.2081723   -0.0019366136
      0.15846764       1.2313300   0.00058974767
      0.15410457       1.2558127  -0.00057899252
      0.14983921       1.2817055   4.3578830e-05
      0.14568015       1.3090961    0.0025502065
      0.14163676       1.3380733  -0.00024506930
      0.13771922       1.3687261   0.00039364865
      0.13393858       1.4011413  -6.3019635e-05
      0.13030675       1.4354011  -0.00049139343
      0.12683652       1.4715800   -0.0016421173
      0.12354150       1.5097411   4.6766456e-05
      0.12043608       1.5499313   0.00055969398
      0.16835869       1.2203992   -0.0016881723
      0.16395076       1.2431159   -0.0019896431
      0.15963208       1.2670747  -0.00055085169
      0.15541010       1.2923504  -1.0676044e-05
      0.15129291       1.3190197   0.00056642973
      0.14728929       1.3471597  -5.9426896e-05
      0.14340877       1.3768472   -0.0019110451
      0.13966159       1.4081567  -0.00021486240
      0.13605878       1.4411581  -0.00058743656
      0.13261211       1.4759145    0.0011652658
      0.12933406       1.5124788   0.00039699105
      0.12623776       1.5508903   0.00061752877
      0.17382038       1.2318593  -9.9071721e-05
      0.16945517       1.2541376  -3.0172669e-05
      0.16517849       1.2775816   -0.0012502345
      0.16099738       1.3022575   0.00022506813
      0.15691950       1.3282325  -4.7080035e-05
      0.15295308       1.3555738  -0.00042242685
      0.14910705       1.3843481  -0.00059067690
      0.14539093       1.4146195    0.0025429538
      0.14181496       1.4464479  -0.00061450105
      0.13838999       1.4798870   0.00051071538
      0.13512750       1.5149818   -0.0011977188
      0.13203954       1.5517651  -6.5737647e-06
      0.17930351       1.2426199    0.0011881919
      0.17497887       1.2644646   -0.0018053085
      0.17074194       1.2874049  -0.00031606532
      0.16659940       1.3114992    0.0014395466
      0.16255848       1.3368068   0.00045026827
      0.15862693       1.3633865  -0.00061573125
      0.15481310       1.3912964   0.00026689498
      0.15112589       1.4205920  -7.2957037e-05
      0.14757479       1.4513249  -0.00039932686
      0.14416987       1.4835411  -0.00019201210
      0.14092172       1.5172789   0.00025320885
      0.13784142       1.5525662  -9.0571908e-05
      0.11810689       1.0349141   -0.0013868764
      0.11832053      0.98585437   -0.0010987001
      0.11881752      0.93708828  -0.00053678958
      0.11959435      0.88884200   -0.0017770351
      0.12064559      0.84132733   -0.0017180532
      0.12196416      0.79473657  -0.00074699743
      0.12354150      0.74923869  -0.00058648844
      0.12536783      0.70497687   0.00065431698
      0.12743246      0.66206737   0.00022461253
      0.12972401      0.62059962   5.9258187e-05
      0.13223068      0.58063741    0.0011925772
      0.13494047      0.54222082  -3.3394928e-05
      0.11308184       1.0600269   0.00013807794
      0.11315626       1.0087265  -0.00020356227
      0.11352763      0.95762781  -0.00019808455
      0.11419305      0.90699344  -0.00053113195
      0.11514743      0.85707195   -0.0014682198
      0.11638365      0.80809085   -0.0012371699
      0.11789286      0.76025128  -0.00054429510
      0.11966472      0.71372438    0.0010446834
      0.12168776      0.66864944  -0.00067912597
      0.12394968      0.62513375  -0.00026464300
      0.12643766      0.58325380  -0.00031535345
      0.12913864      0.54305756   -0.0014252670
      0.10813470       1.0874560  -0.00085486705
      0.10805682       1.0337716  -0.00040457250
      0.10829029      0.98016438   0.00057560943
      0.10883310      0.92693989   0.00057127835
      0.10968067      0.87439072    0.0037417345
      0.11082599      0.82278735   -0.0017714393
      0.11225996      0.77237064   9.2444534e-05
      0.11397167      0.72334659   0.00027960256
      0.11594884      0.67588342   0.00032065328
      0.11817814      0.63011087  -0.00030244779
      0.12064559      0.58612143    0.0011032947
      0.12333690      0.54397302   0.00028012377
      0.10327668       1.1174901   -0.0014709645
      0.10303185       1.0612783   -0.0014612387
      0.10311353       1.0049775   0.00021723325
      0.10352093      0.94894296    0.0019324157
      0.10425025      0.89352003   -0.0010276430
      0.10529478      0.83903171   0.00042775161
      0.10664528      0.78576826    0.0013003440
      0.10829029      0.73397951   0.00054382024
      0.11021663      0.68387031  -0.00052695886
      0.11240984      0.63559893    0.0027671516
      0.11485462      0.58927825   -0.0016730505
      0.11753528      0.54497886   -0.0018620240
     0.098520957       1.1504560  -0.00089420330
     0.098092789       1.0915799   0.00069224568
     0.098006931       1.0323948   0.00032018721
     0.098264280      0.97331302   -0.0013268860
     0.098862156      0.91474295    0.0032697326
     0.099794439      0.85707195  -0.00045635739
      0.10105187      0.80065197  -0.00014826653
      0.10262251      0.74578840  -0.00037136506
      0.10449222      0.69273291  -2.4240770e-05
      0.10664528      0.64168050   -0.0013356622
      0.10906491      0.59277027   0.00057357903
      0.11173379      0.54608915    0.0019748942
     0.093883075       1.1867216   -0.0015887059
     0.093253282       1.1250601   0.00014311868
     0.092982065       1.0628003   0.00080137966
     0.093072559       1.0004195  -0.00054559091
     0.093523713      0.93840043   0.00054474610
     0.094330353      0.87720935    0.0012398880
     0.095483470      0.81727571   0.00069318672
     0.096970705      0.75897584  -0.00040729917
     0.098776967      0.70262195  -0.00038268873
      0.10088512      0.64845681  -0.00081981368
      0.10327668      0.59665378  -0.00013919786
      0.10593246      0.54732105   0.00014554150
     0.089381384       1.2266975  -0.00019731331
     0.088529662       1.1621585    0.0010044453
     0.088052924       1.0966444   5.7487788e-05
     0.087957266       1.0307033  -0.00047008904
     0.088243928      0.96490521    0.0012128405
     0.088909212      0.89981259  -0.00015505742
     0.089944717      0.83595252  -0.00037819063
     0.091337852      0.77379268    0.0013059304
     0.093072559      0.71372438    0.0014003871
     0.095130154      0.65605337    0.0018941953
     0.097490195      0.60099836   0.00015467024
      0.10013130      0.54869569  -0.00055071037
     0.085037513       1.2708342   0.00080110087
     0.083941494       1.2033744   0.00042413665
     0.083236514       1.1344527   0.00036597731
     0.082932545       1.0646912   0.00048042979
     0.083033992      0.99475928  -0.00051307943
     0.083539377      0.92533614  -0.00030183470
     0.084441448      0.85707195   -0.0013892882
     0.085727684      0.79055289  -0.00023521092
     0.087381121      0.72627481    0.0026679907
     0.089381384      0.66462767  -0.00061676426
     0.091705780      0.60589112  -7.4503820e-05
     0.094330353      0.55023941  -0.00030015789
     0.080876896       1.3196155  -0.00011827709
     0.079512230       1.2492678  -0.00029062909
     0.078553575       1.1768358  -8.3363235e-05
     0.078015899       1.1030121  -0.00056212769
     0.077907918       1.0285755    0.0011613751
     0.078231413      0.95434432   8.2568443e-05
     0.078981081      0.88112357  -0.00088600899
     0.080144964      0.80965407  -2.2235145e-05
     0.081705362      0.74057143  -0.00043827213
     0.083640088      0.67437990  -2.9478043e-06
     0.085923857      0.61144251   3.4057656e-05
     0.088529662      0.55198542  -0.00089969534
     0.076929273       1.3735431  -0.00025070805
     0.075269928       1.3004527   -0.0018969895
     0.074029439       1.2244939  -1.3405388e-05
     0.073229098       1.1464139   0.00023733441
     0.072883404       1.0671036  -0.00023780362
     0.072998817      0.98754253  -0.00010316774
     0.073573167      0.90872896    0.0012737888
     0.074595855      0.83160612   9.6168200e-05
     0.076048795      0.75699862  -1.5397466e-05
     0.077907918      0.68556839    0.0019221959
     0.080144964      0.61779469   0.00072430336
     0.082729279      0.55397628   0.00064908396
     0.073229098       1.4331090  -0.00032666794
     0.071247991       1.3575808  -0.00048625042
     0.069695040       1.2782149   -0.0011339585
     0.068599329       1.1957779   -0.0019105231
     0.067982971       1.1112598   0.00017145134
     0.067859027       1.0258175  -0.00042347943
     0.068230182      0.94068546  -0.00026966117
     0.069088457      0.85707195   0.00014268140
     0.070416043      0.77605976   0.00088599974
     0.072187050      0.69853212  -0.00025700232
     0.074369807      0.62513375   -0.0012193895
     0.076929273      0.55626735   -0.0033750518
     0.069815724       1.4987524   0.00061111181
     0.067485831       1.4213068  -2.3632504e-05
     0.065588004       1.3388581   -0.0035281177
     0.064160597       1.2521259  -0.00077765894
     0.063235473       1.1621585    0.0054837482
     0.062834822       1.0702875  -0.00091648631
     0.062968656      0.97802605   0.00069471300
     0.063633602      0.88692602  -0.00064428575
     0.064813316      0.79842569   0.00067909001
     0.066480399      0.71372438   -0.0010753699
     0.068599329      0.63370805    0.0022766292
     0.071129737      0.55893204  -7.4420692e-05
      0.12313197     0.011782113  -0.00018799921
      0.12333690     0.058845276  -0.00037085798
      0.12381377      0.10564909   -0.0017776856
      0.12455944      0.15199320    0.0052250624
      0.12556912      0.19768900   4.1819075e-05
      0.12683652      0.24256387   -0.0026232429
      0.12835399      0.28646447   0.00027654319
      0.13011279      0.32925896  -0.00010209807
      0.13210329      0.37083817   0.00017707070
      0.13431517      0.41111575  -0.00065546064
      0.13673769      0.45002751  -0.00033480312
      0.13935988      0.48753003  -9.3639670e-06
      0.12815708    -0.011320110  -0.00063377797
      0.12822275     0.033948732   -0.0012371347
      0.12855060     0.079078902    0.0014487577
      0.12913864      0.12388878   -0.0015929378
      0.12998333      0.16820442   -0.0011541483
      0.13107971      0.21186340   0.00062295583
      0.13242153      0.25471802   -0.0010513849
      0.13400142      0.29663770  -0.00021797603
      0.13581107      0.33751056  -4.0868171e-05
      0.13784142      0.37724418   -0.0024563847
      0.14008289      0.41576552   -0.0016383545
      0.14252552      0.45302025   0.00024334201
      0.13324541    -0.032668577  -0.00050270453
      0.13318222     0.010892970  -0.00010760632
      0.13337171     0.054413241  -0.00024062046
      0.13381282     0.097728290   0.00048394948
      0.13450306      0.14067878   2.9155643e-05
      0.13543864      0.18311337   -0.0012278786
      0.13661451      0.22489173   0.00075657256
      0.13802452      0.26588693  -0.00014805164
      0.13966159      0.30598723  -3.4035624e-05
      0.14151784      0.34509715    0.0012776310
      0.14358476      0.38313795  -0.00021020527
      0.14585341      0.42004744   -0.0021302548
      0.13838999    -0.052438271   -0.0018593188
      0.13820737    -0.010496892   0.00034826756
      0.13826827     0.031481429   -0.0019016662
      0.13857236     0.073349118   0.00035042743
      0.13911804      0.11496092  -5.8164285e-05
      0.13990249      0.15617687  -0.00055842514
      0.14092172      0.19686500   -0.0018946299
      0.14217068      0.23690364  -0.00031616302
      0.14364338      0.27618326    0.0040613286
      0.14533302      0.31460775  -0.00065190659
      0.14723213      0.35209522   -0.0012473400
      0.14933271      0.38857818   -0.0035441711
      0.14358476    -0.070784208  -4.8046672e-05
      0.14329131    -0.030377509  -0.00025132653
      0.14323255     0.010128606   -0.0012604139
      0.14340877     0.050601528  -0.00036271402
      0.14381909     0.090909298    0.0010836098
      0.14446154      0.13092317    0.0017217927
      0.14533302      0.17051999  -0.00038612502
      0.14642945      0.20958439   0.00021977665
      0.14774583      0.24801052   -0.0011876612
      0.14927633      0.28570347    0.0048861914
      0.15101444      0.32258020   -0.0032016488
      0.15295308      0.35857009   -0.0012588000
      0.14882449    -0.087843731  -0.00067509615
      0.14842800    -0.048889001    0.0026615129
      0.14825775   -0.0097852855   0.00033241860
      0.14831452     0.029348364   0.00016179459
      0.14859805     0.068392349  -0.00024573719
      0.14910705      0.10722870  -0.00020437184
      0.14983921      0.14574321  -0.00069597539
      0.15079129      0.18382732  -0.00053346346
      0.15195916      0.22137988  -0.00053031874
      0.15333787      0.25830849   -0.0032014154
      0.15492181      0.29453058  -0.00053625618
      0.15670476      0.32997409   8.7864634e-05
      0.15410457     -0.10373860   0.00044733959
      0.15361213    -0.066156624  -0.00062365087
      0.15333787    -0.028386648   0.00089846553
      0.15328296    0.0094644759  -0.00044528412
      0.15344764     0.047288512   0.00053641025
      0.15383119     0.084977687  -5.8238689e-05
      0.15443199      0.12242652   0.00027550792
      0.15524751      0.15953355  -0.00067070970
      0.15627440      0.19620290   -0.0024137373
      0.15750851      0.23234564   -0.0015603786
      0.15894503      0.26788084   0.00021033085
      0.16057853      0.30273639  -0.00060762506
      0.15942100     -0.11857688  -7.3319821e-05
      0.15883907    -0.082292343    0.0012564737
      0.15846764    -0.045789421  -0.00026901067
      0.15830819   -0.0091640334  -4.8939725e-05
      0.15836136     0.027485946    0.0051608704
      0.15862693     0.064062249   0.00053029237
      0.15910385      0.10046779   0.00071338745
      0.15979021      0.13660817  -8.9833409e-05
      0.16068334      0.17239315  -0.00055173196
      0.16177981      0.20773786  -0.00018378625
      0.16307552      0.24256387  -0.00048646280
      0.16456577      0.27680008  -9.2179548e-05
      0.16477026     -0.13245460   7.9242095e-05
      0.16410473    -0.097396289  -0.00059631044
      0.16364239    -0.062096246   0.00018646240
      0.16338496    -0.026640631  -0.00063618630
      0.16333343    0.0088820783   -0.0011060578
      0.16348798     0.044382395  -0.00030573404
      0.16384803     0.079771168  -0.00035397797
      0.16441223      0.11496092   0.00036566986
      0.16517849      0.14986712  -0.00017633261
      0.16614400      0.18440933   -0.0017616801
      0.16730534      0.21851225   -0.0011987922
      0.16865843      0.25210656   0.00084462886
      0.17014926     -0.14545725   0.00032407176
      0.16940548     -0.11155808  -0.00051527322
      0.16885797    -0.077399583    0.0018757904
      0.16850863    -0.043059209   -0.0028197820
      0.16835869   -0.0086169549  -0.00055178369
      0.16840868     0.025845748    0.0012515282
      0.16865843     0.060247178   -0.0010317878
      0.16910706     0.094506481  -0.00060925623
      0.16975298      0.12854480   0.00032205846
      0.17059396      0.16228632   -0.0030710199
      0.17162713      0.19565926  -0.00045562485
      0.17284904      0.22859663  -0.00039309883
      0.17555525     -0.15766106  -0.00099475978
      0.17473815     -0.12485803  -0.00035678695
      0.17411073    -0.091782748  -0.00021431827
      0.17367503    -0.058504924  -0.00032351988
      0.17343250    -0.025096915   -0.0011651686
      0.17338395    0.0083671999  -6.7591840e-05
      0.17352955     0.041812592  -0.00049777704
      0.17386881     0.075164683    0.0024468054
      0.17440059      0.10835014   -0.0020709057
      0.17512315      0.14129781    0.0025108842
      0.17603413      0.17393963  -0.00035464427
      0.17713063      0.20621137  -0.00032628104
      0.18098583     -0.16913413   0.00022237449
      0.18009990     -0.13736818  -0.00072482226
      0.17939739     -0.10532086    0.0016016483
      0.17888046    -0.073055002   0.00065158740
      0.17855073    -0.040636088  -0.00012296896
      0.17840922   -0.0081315147  -0.00024740143
      0.17845640     0.024390244  -0.00048465119
      0.17869211     0.056860499   -0.0010182435
      0.17911561     0.089211211  -0.00043328794
      0.17972557      0.12137584  -0.00077331901
      0.18052009      0.15329013  -0.00048517453
      0.18149677      0.18489287  -0.00012269526
      0.11810689     0.012283430  -0.00047420558
      0.11308184    -0.012829302   0.00063837467
      0.10813470    -0.040258488  -0.00065121710
      0.10327668    -0.070292567  -0.00048908341
     0.098520957     -0.10325841   0.00041484703
     0.093883075     -0.13952408  -1.7778703e-05
     0.089381384     -0.17949992   0.00035660131
     0.085037513     -0.22363662  -1.2224981e-05
     0.080876896     -0.27241795   -0.0012961489
     0.076929273     -0.32634551   0.00096873934
     0.073229098     -0.38591144   0.00063662486
     0.069815724     -0.45155489    0.0023271102
      0.11832053     0.061343181    0.0012416895
      0.11315626     0.038471027  -0.00012007285
      0.10805682     0.013425944    0.0019000470
      0.10303185    -0.014080783   -0.0014286823
     0.098092789    -0.044382395   0.00037729523
     0.093253282    -0.077862575    0.0010489410
     0.088529662     -0.11496092  -3.0976643e-05
     0.083941494     -0.15617687   -0.0013946400
     0.079512230     -0.20207021   -0.0012160157
     0.075269928     -0.25325514   -0.0013424182
     0.071247991     -0.31038327  -0.00031328743
     0.067485831     -0.37410926   0.00022166971
      0.11881752      0.11010928  -0.00067537906
      0.11352763     0.089569739   -0.0012186296
      0.10829029     0.067033168   0.00075822712
      0.10311353     0.042220038  -0.00066278023
     0.098006931     0.014802772  -0.00026986242
     0.092982065    -0.015602795  -0.00019815967
     0.088052924    -0.049446828  -0.00030132357
     0.083236514    -0.087255199   6.8002870e-05
     0.078553575     -0.12963826   0.00052872002
     0.074029439     -0.17729630  -0.00021725308
     0.069695040     -0.23101738   2.9665510e-05
     0.065588004     -0.29166058  -0.00017714889
      0.11959435      0.15835555   0.00088969659
      0.11419305      0.14020411  -0.00059955997
      0.10883310      0.12025766  -9.3581422e-05
      0.10352093     0.098254589  -4.6846868e-05
     0.098264280     0.073884528   0.00065897244
     0.093072559     0.046778034  -0.00060887918
     0.087957266     0.016494226  -0.00022297059
     0.082932545    -0.017493678    0.0012099239
     0.078015899    -0.055814575   0.00076447150
     0.073229098    -0.099216305  -6.5096277e-05
     0.068599329     -0.14858030   -0.0017514411
     0.064160597     -0.20492838   2.1142955e-05
      0.12064559      0.20587022  -5.0909328e-05
      0.11514743      0.19012560  -0.00025618172
      0.10968067      0.17280683   -0.0012453234
      0.10425025      0.15367752    0.0039353695
     0.098862156      0.13245460   -0.0010610463
     0.093523713      0.10879712    0.0028936795
     0.088243928     0.082292343  -0.00048208066
     0.083033992     0.052438271  -0.00015322441
     0.077907918     0.018622049  -0.00023749933
     0.072883404    -0.019906000   -0.0018680139
     0.067982971    -0.064062249   0.00056807188
     0.063235473     -0.11496092   -0.0012262989
      0.12196416      0.25246098    0.0035746870
      0.11638365      0.23910670   0.00051096822
      0.11082599      0.22441020   0.00066866566
      0.10529478      0.20816584   -0.0010656967
     0.099794439      0.19012560  -0.00065654753
     0.094330353      0.16998820  -0.00046331951
     0.088909212      0.14738496   0.00035414045
     0.083539377      0.12186141    0.0018427188
     0.078231413     0.092853236  -0.00054328900
     0.072998817     0.059655024  -0.00044619247
     0.067859027     0.021380085  -0.00061911761
     0.062834822    -0.023089906   -0.0023223022
      0.12354150      0.29795886  -0.00025896582
      0.11789286      0.28694627  -4.4106337e-05
      0.11225996      0.27482691  -0.00019805730
      0.10664528      0.26142929  -2.3462042e-05
      0.10105187      0.24654558  -0.00047158384
     0.095483470      0.22992184   0.00047028725
     0.089944717      0.21124503  -0.00054759043
     0.084441448      0.19012560   -0.0011823544
     0.078981081      0.16607398   0.00038747145
     0.073573167      0.13846859    0.0021919574
     0.068230182      0.10651209   -0.0010943371
     0.062968656     0.069171499    0.0011568659
      0.12536783      0.34222068  -0.00074959148
      0.11966472      0.33347317   0.00020414056
      0.11397167      0.32385096  -0.00025707385
      0.10829029      0.31321804  -0.00018293353
      0.10262251      0.30140915    0.0020064071
     0.096970705      0.28822171   -0.0023727408
     0.091337852      0.27340487   0.00068599484
     0.085727684      0.25664466   6.1640106e-06
     0.080144964      0.23754348  -0.00088044393
     0.074595855      0.21559143  -0.00061787778
     0.069088457      0.19012560   0.00062212036
     0.063633602      0.16027153  -0.00056144215
      0.12743246      0.38513018  -0.00027894561
      0.12168776      0.37854811    0.0025379064
      0.11594884      0.37131413  -0.00075736517
      0.11021663      0.36332724  -0.00025818689
      0.10449222      0.35446464   4.7715345e-05
     0.098776967      0.34457561   0.00024486637
     0.093072559      0.33347317  -0.00010527825
     0.087381121      0.32092274   0.00020006180
     0.081705362      0.30662612  -0.00012283986
     0.076048795      0.29019893    0.0018045042
     0.070416043      0.27113779   -0.0039271762
     0.064813316      0.24877186   0.00034983206
      0.12972401      0.42659793   -0.0024963306
      0.12394968      0.42206380    0.0036023959
      0.11817814      0.41708668   0.00011494689
      0.11240984      0.41159862   -0.0011803809
      0.10664528      0.40551705  -0.00042077934
      0.10088512      0.39874075   0.00066589856
     0.095130154      0.39114418    0.0022323685
     0.089381384      0.38256988  -0.00054203681
     0.083640088      0.37281765  -0.00047151724
     0.077907918      0.36162916   5.2376384e-05
     0.072187050      0.34866543  -0.00054934118
     0.066480399      0.33347317   -0.0012333074
      0.13223068      0.46656014  -9.1416830e-05
      0.12643766      0.46394375  -0.00018650600
      0.12064559      0.46107613   0.00068824789
      0.11485462      0.45791930   0.00035848409
      0.10906491      0.45442728  -0.00046596644
      0.10327668      0.45054377   0.00012501073
     0.097490195      0.44619919   -0.0019028110
     0.091705780      0.44130643  -0.00070410845
     0.085923857      0.43575504  -0.00052142197
     0.080144964      0.42940287  -0.00057358345
     0.074369807      0.42206380  -0.00016092338
     0.068599329      0.41348950   0.00012081367
      0.13494047      0.50497673   0.00096224769
      0.12913864      0.50413999   0.00039907275
      0.12333690      0.50322453    0.0023668803
      0.11753528      0.50221869   -0.0017441972
      0.11173379      0.50110840  -0.00054898543
      0.10593246      0.49987650   0.00045198824
      0.10013130      0.49850186    0.0024268179
     0.094330353      0.49695814  -0.00039616146
     0.088529662      0.49521213    0.0013055411
     0.082729279      0.49322127   0.00048787765
     0.076929273      0.49093020   3.6262890e-05
     0.071129737      0.48826551  -0.00035107482
      0.12064559    -0.024051622  -0.00075580948
      0.12577009    -0.046155219  -0.00020583216
      0.13095120    -0.066519054    0.0027298728
      0.13618247    -0.085325698  -0.00078696617
      0.14145834     -0.10273529    0.0013132317
      0.14677399     -0.11888845  -5.3955172e-05
      0.15212526     -0.13390888   0.00039199045
      0.15750851     -0.14790557   0.00016564808
      0.16292058     -0.16097476  -0.00063833486
      0.16835869     -0.17320164   0.00087881219
      0.17382038     -0.18466178  -8.0797579e-05
      0.17930351     -0.19542235   -0.0013032650
      0.11573083    -0.050162255  -0.00042695492
      0.12092438    -0.072043881   0.00039315484
      0.12617105    -0.092114622  -0.00082241876
      0.13146448     -0.11057601   -0.0028995305
      0.13679924     -0.12760295   0.00028861718
      0.14217068     -0.14334757   4.2612491e-05
      0.14757479     -0.15794247  -0.00030007964
      0.15300811     -0.17150355   -0.0015294970
      0.15846764     -0.18413242   -0.0019446958
      0.16395076     -0.19591835  -0.00061867483
      0.16945517     -0.20694005  -0.00016744091
      0.17497887     -0.21726707    0.0019232705
      0.11090192    -0.078567520  -0.00015186707
      0.11616645     -0.10007333   0.00034843490
      0.12148004     -0.11970623   -0.0013839899
      0.12683652     -0.13768733    0.0012102160
      0.13223068     -0.15420639   6.8573809e-05
      0.13765808     -0.16942676   -0.0012063004
      0.14311496     -0.18348949    0.0010284086
      0.14859805     -0.19651685  -0.00043199130
      0.15410457     -0.20861514   9.9654906e-05
      0.15963208     -0.21987715   0.00043357930
      0.16517849     -0.23038409   0.00048753582
      0.17074194     -0.24020735  -0.00041971018
      0.10617060     -0.10953135  -0.00044587027
      0.11150753     -0.13047058    0.0012246728
      0.11688889     -0.14948952   -0.0010931518
      0.12230879     -0.16682869   0.00084931962
      0.12776234     -0.18269205    0.0020761827
      0.13324541     -0.19725326  -0.00056193578
      0.13875449     -0.21066087   0.00063856800
      0.14428661     -0.22304243    0.0014774010
      0.14983921     -0.23450800    0.0014106370
      0.15541010     -0.24515288   -0.0012764599
      0.16099738     -0.25505998   0.00011827341
      0.16659940     -0.26430167   0.00077560424
      0.10155049     -0.14334757  -0.00054623089
      0.10696057     -0.16348497  -5.2213913e-05
      0.11240984     -0.18167678   0.00010838301
      0.11789286     -0.19818148  -0.00055851971
      0.12340514     -0.21321551  -0.00046320851
      0.12894292     -0.22696108   -0.0025689157
      0.13450306     -0.23957243  -0.00031283695
      0.14008289     -0.25118083   0.00036624167
      0.14568015     -0.26189855   -0.0013459617
      0.15129291     -0.27182213  -0.00027616978
      0.15691950     -0.28103490  -0.00025660105
      0.16255848     -0.28960920  -0.00063464291
     0.097057480     -0.18034032  -0.00043328542
      0.10254044     -0.19938764   0.00052912345
      0.10805682     -0.21649590  -1.6022050e-05
      0.11360176     -0.23193820   4.0773168e-05
      0.11917125     -0.24594018   0.00011993667
      0.12476203     -0.25868958  -0.00020973724
      0.13037134     -0.27034364  -0.00067891269
      0.13599690     -0.28103490  -0.00041528037
      0.14163676     -0.29087578   -0.0013198778
      0.14728929     -0.29996216    0.0020637158
      0.15295308     -0.30837626   0.00040189376
      0.15862693     -0.31618896  -0.00035926835
     0.092710055     -0.22086238  -0.00010521288
     0.098264280     -0.23846921   -0.0017403088
      0.10384570     -0.25418785    0.0023873433
      0.10945016     -0.26829992  -0.00025771296
      0.11507430     -0.28103490    0.0011215642
      0.12071535     -0.29258139  -8.2357967e-06
      0.12637106     -0.30309566    0.0011278449
      0.13203954     -0.31270816  -0.00031758593
      0.13771922     -0.32152856   0.00064271394
      0.14340877     -0.32964968  -0.00049818585
      0.14910705     -0.33715055  -0.00078611952
      0.15481310     -0.34409885   0.00047817448
     0.088529662     -0.26529029  -0.00041960303
     0.094151697     -0.28103490   0.00028569548
     0.099794439     -0.29500214  -0.00055763738
      0.10545456     -0.30747226    0.0012604028
      0.11112941     -0.31867040    0.0015926723
      0.11681685     -0.32877930  -0.00060471704
      0.12251511     -0.33794873  -6.7426875e-06
      0.12822275     -0.34630247  -0.00010068336
      0.13393858     -0.35394373   0.00024581561
      0.13966159     -0.36095912    0.0010998756
      0.14539093     -0.36742190  -0.00090869531
      0.15112589     -0.37339442  -0.00042888168
     0.084541084     -0.31401438    0.0022313716
     0.090225065     -0.32739588   -0.0022391890
     0.095923286     -0.33918945  -0.00048973483
      0.10163335     -0.34965915  -0.00067778601
      0.10735337     -0.35901409  -0.00093840633
      0.11308184     -0.36742190   -0.0017651206
      0.11881752     -0.37501847  -0.00066553654
      0.12455944     -0.38191504  -0.00040527918
      0.13030675     -0.38820352  -0.00033269400
      0.13605878     -0.39396051  -0.00016200660
      0.14181496     -0.39925032  -0.00073675787
      0.14757479     -0.40412734   1.3130791e-05
     0.080772740     -0.36742190   0.00045913876
     0.086509708     -0.37785557   0.00040584811
     0.092254922     -0.38699060   0.00048238585
     0.098006931     -0.39505398   0.00055115101
      0.10376461     -0.40222294  -0.00061969842
      0.10952705     -0.40863786  -0.00059724077
      0.11529356     -0.41441129    0.0018471553
      0.12106354     -0.41963456   -0.0015396321
      0.12683652     -0.42438247   5.0770357e-05
      0.13261211     -0.42871690  -0.00052338013
      0.13838999     -0.43268948   0.00045267103
      0.14416987     -0.43634358  -0.00017445716
     0.077256866     -0.42587049  -0.00062529286
     0.083033992     -0.43268948   0.00056003860
     0.088814477     -0.43862109  -0.00023416095
     0.094597705     -0.44382761   -0.0018525178
      0.10038320     -0.44843409  -0.00044438727
      0.10617060     -0.45253846  -0.00055162308
      0.11195959     -0.45621843    0.0017407384
      0.11774996     -0.45953653  -0.00030612504
      0.12354150     -0.46254355  -0.00043994525
      0.12933406     -0.46528124  -4.9267205e-05
      0.13512750     -0.46778420   0.00041631556
      0.14092172     -0.47008135  -6.0861611e-05
     0.074029439     -0.48965004    0.0025725791
     0.079829224     -0.49211735   0.00039479978
     0.085629428     -0.49425041   0.00069119175
     0.091429973     -0.49611283   -0.0011134070
     0.097230797     -0.49775303   0.00051637172
      0.10303185     -0.49920853   -0.0019193435
      0.10883310     -0.50050887  -0.00048699158
      0.11463452     -0.50167759  -0.00074080710
      0.12043608     -0.50273372    0.0012108057
      0.12623776     -0.50369278   0.00014020710
      0.13203954     -0.50456755  -4.9626089e-05
      0.13784142     -0.50536868    0.0017411600
      0.12064559      -1.0231459  -0.00044602981
      0.11573083     -0.99703530    0.0013826538
      0.11090192     -0.96863003  -0.00050523078
      0.10617060     -0.93766620  -0.00097638108
      0.10155049     -0.90384998   -0.0012467007
     0.097057480     -0.86685723   0.00012268510
     0.092710055     -0.82633517  -7.2956934e-05
     0.088529662     -0.78190727  -0.00038815492
     0.084541084     -0.73318317  -0.00064271531
     0.080772740     -0.67977565  -0.00023128326
     0.077256866     -0.62132707  -0.00047619417
     0.074029439     -0.55754751   0.00033378836
      0.12577009      -1.0010423   0.00056944304
      0.12092438     -0.97515367  -0.00053460965
      0.11616645     -0.94712422  -0.00021209790
      0.11150753     -0.91672697   0.00044576742
      0.10696057     -0.88371258  -0.00011917035
      0.10254044     -0.84780991    0.0015258064
     0.098264280     -0.80872834  -8.1035159e-05
     0.094151697     -0.76616265   -0.0018596582
     0.090225065     -0.71980168   0.00011977021
     0.086509708     -0.66934198   0.00012628017
     0.083033992     -0.61450807    0.0059972870
     0.079829224     -0.55508020  -0.00050942393
      0.13095120     -0.98067850   -0.0015543563
      0.12617105     -0.95508293   -0.0039002150
      0.12148004     -0.92749132  -0.00066054900
      0.11688889     -0.89770804   0.00020798271
      0.11240984     -0.86552078   2.1692432e-05
      0.10805682     -0.83070165  -0.00055257806
      0.10384570     -0.79300970  -0.00060225635
     0.099794439     -0.75219541  -6.7361957e-05
     0.095923286     -0.70800810    0.0017954969
     0.092254922     -0.66020695  -0.00010853027
     0.088814477     -0.60857646  -0.00067735292
     0.085629428     -0.55294714  -0.00061799344
      0.13618247     -0.96187185  -0.00011874281
      0.13146448     -0.93662154   0.00024946215
      0.12683652     -0.90951022   0.00090176396
      0.12230879     -0.88036886  -0.00016619883
      0.11789286     -0.84901607  -0.00029372497
      0.11360176     -0.81525936   0.00023903030
      0.10945016     -0.77889763  -0.00029209070
      0.10545456     -0.73972529  -0.00014303229
      0.10163335     -0.69753840  -0.00021571594
     0.098006931     -0.65214357   -0.0018897451
     0.094597705     -0.60336994   -0.0016974925
     0.091429973     -0.55108472  -0.00066897136
      0.14145834     -0.94446226  -0.00079353470
      0.13679924     -0.91959460  -0.00032185564
      0.13223068     -0.89299116  -0.00041765673
      0.12776234     -0.86450551    0.0027739394
      0.12340514     -0.83398204  -0.00026012185
      0.11917125     -0.80125737  -0.00042744034
      0.11507430     -0.76616265  -0.00027183253
      0.11112941     -0.72852715    0.0011259276
      0.10735337     -0.68818346  -5.7789904e-05
      0.10376461     -0.64497461    0.0024984370
      0.10038320     -0.59876346   -0.0019430336
     0.097230797     -0.54944452  -0.00094199024
      0.14677399     -0.92830910   -0.0021867482
      0.14217068     -0.90384998   -0.0018000455
      0.13765808     -0.87777079  -6.8523583e-05
      0.13324541     -0.84994429  -0.00093412573
      0.12894292     -0.82023647   -0.0027635076
      0.12476203     -0.78850797   -0.0025913580
      0.12071535     -0.75461616    0.0021047573
      0.11681685     -0.71841825  -0.00055329096
      0.11308184     -0.67977565   0.00067594548
      0.10952705     -0.63855970  -8.9670131e-05
      0.10617060     -0.59465910  -0.00018873627
      0.10303185     -0.54798902   8.7227737e-05
      0.15212526     -0.91328867   0.00037814780
      0.14757479     -0.88925508   0.00035815796
      0.14311496     -0.86370806    0.0014825288
      0.13875449     -0.83653668  -0.00022251693
      0.13450306     -0.80762512  -8.6522482e-05
      0.13037134     -0.77685391  -0.00024045902
      0.12637106     -0.74410189  -0.00062050927
      0.12251511     -0.70924883   0.00054724570
      0.11881752     -0.67217908    0.0026688707
      0.11529356     -0.63278626   -0.0031502463
      0.11195959     -0.59097912    0.0047580776
      0.10883310     -0.54668868   -0.0012962321
      0.15750851     -0.89929199  -0.00053198211
      0.15300811     -0.87569400  -0.00055798241
      0.14859805     -0.85068070   -0.0023555642
      0.14428661     -0.82415512   -0.0014636157
      0.14008289     -0.79601672   0.00016704733
      0.13599690     -0.76616265   -0.0010335935
      0.13203954     -0.73448939    0.0011464435
      0.12822275     -0.70089508    0.0012120500
      0.12455944     -0.66528251   0.00012758205
      0.12106354     -0.62756299  -4.7244442e-05
      0.11774996     -0.58766102  -0.00025852530
      0.11463452     -0.54551996   -0.0036624494
      0.16292058     -0.88622279   0.00059001988
      0.15846764     -0.86306513  -0.00052256112
      0.15410457     -0.83858241   -0.0012109946
      0.14983921     -0.81268955  -4.7431325e-05
      0.14568015     -0.78529900  -2.4756280e-06
      0.14163676     -0.75632177   0.00063024140
      0.13771922     -0.72566899  -0.00040185023
      0.13393858     -0.69325382  -0.00018152077
      0.13030675     -0.65899403   0.00054153771
      0.12683652     -0.62281508  -0.00030528777
      0.12354150     -0.58465400  -0.00027705503
      0.12043608     -0.54446383  -0.00019061741
      0.16835869     -0.87399591  -0.00064192303
      0.16395076     -0.85127920   0.00056051497
      0.15963208     -0.82732041  -0.00033726231
      0.15541010     -0.80204467   5.4189010e-05
      0.15129291     -0.77537543    0.0021837000
      0.14728929     -0.74723539   0.00087433238
      0.14340877     -0.71754787   0.00016641253
      0.13966159     -0.68623843    0.0017521626
      0.13605878     -0.65323704  -0.00070462245
      0.13261211     -0.61848065   0.00019575882
      0.12933406     -0.58191631   -0.0010075544
      0.12623776     -0.54350478  -0.00035208400
      0.17382038     -0.86253578  -0.00048473955
      0.16945517     -0.84025751  -0.00028220533
      0.16517849     -0.81681346   -0.0013275849
      0.16099738     -0.79213757  -0.00046645294
      0.15691950     -0.76616265  -0.00016311599
      0.15295308     -0.73882129  -0.00035219879
      0.14910705     -0.71004701  -0.00061084047
      0.14539093     -0.67977565    0.0018932179
      0.14181496     -0.64794723   -0.0016489224
      0.13838999     -0.61450807  -0.00059319694
      0.13512750     -0.57941335  -0.00047236390
      0.13203954     -0.54263000  -0.00035693032
      0.17930351     -0.85177521   -0.0011349135
      0.17497887     -0.82993048    0.0011995944
      0.17074194     -0.80699020    0.0013077900
      0.16659940     -0.78289588  -0.00065987937
      0.16255848     -0.75758835   -0.0010673251
      0.15862693     -0.73100859   -0.0010827849
      0.15481310     -0.70309870  -0.00049306449
      0.15112589     -0.67380313   0.00043065446
      0.14757479     -0.64307021   0.00058865378
      0.14416987     -0.61085397    0.0028420992
      0.14092172     -0.57711621  -0.00029702517
      0.13784142     -0.54182887  -0.00059137589
      0.11810689      -1.0594810  -0.00047751641
      0.11832053      -1.1085407   0.00064219291
      0.11881752      -1.1573068  -7.2509792e-05
      0.11959435      -1.2055531   1.3494183e-06
      0.12064559      -1.2530678   -0.0016398191
      0.12196416      -1.2996585   0.00028221175
      0.12354150      -1.3451564  -1.3387737e-05
      0.12536783      -1.3894182   0.00034837959
      0.12743246      -1.4323277   9.2637871e-05
      0.12972401      -1.4737955   0.00058792789
      0.13223068      -1.5137577  -0.00045808603
      0.13494047      -1.5521743    0.0031945402
      0.11308184      -1.0343682   0.00025922256
      0.11315626      -1.0856686  -0.00041544380
      0.11352763      -1.1367673  -3.7949891e-05
      0.11419305      -1.1874017   -0.0019604443
      0.11514743      -1.2373232   0.00012976286
      0.11638365      -1.2863043    0.0024879481
      0.11789286      -1.3341438  -0.00040010641
      0.11966472      -1.3806707   -0.0038956510
      0.12168776      -1.4257457    0.0029207020
      0.12394968      -1.4692613  -0.00046168067
      0.12643766      -1.5111413   0.00050977766
      0.12913864      -1.5513375   -0.0010150483
      0.10813470      -1.0069391    0.0012742497
      0.10805682      -1.0606235    0.0031624353
      0.10829029      -1.1142307    0.0021348830
      0.10883310      -1.1674552   0.00066845016
      0.10968067      -1.2200044   -0.0011229974
      0.11082599      -1.2716078   -0.0015703361
      0.11225996      -1.3220245   0.00034209018
      0.11397167      -1.3710485   0.00031988342
      0.11594884      -1.4185117  -0.00037283749
      0.11817814      -1.4642842   0.00066382612
      0.12064559      -1.5082737  -0.00083425290
      0.12333690      -1.5504221   0.00027158342
      0.10327668     -0.97690498  -0.00020282536
      0.10303185      -1.0331168  -0.00048024483
      0.10311353      -1.0894176   6.8122572e-05
      0.10352093      -1.1454521   0.00038997437
      0.10425025      -1.2008751   -0.0016286121
      0.10529478      -1.2553634  -0.00045216957
      0.10664528      -1.3086268    0.0024748021
      0.10829029      -1.3604156   -0.0018404367
      0.11021663      -1.4105248   -0.0011826686
      0.11240984      -1.4587962  -0.00032970060
      0.11485462      -1.5051169    0.0016228361
      0.11753528      -1.5494162   0.00071770329
     0.098520957     -0.94393914  -0.00020121644
     0.098092789      -1.0028152   0.00034206750
     0.098006931      -1.0620003   0.00013050916
     0.098264280      -1.1210821  -0.00057881405
     0.098862156      -1.1796521  -0.00066853800
     0.099794439      -1.2373232  -0.00059034070
      0.10105187      -1.2937431   0.00064087497
      0.10262251      -1.3486067  -0.00058103247
      0.10449222      -1.4016622  -0.00064185869
      0.10664528      -1.4527146  -8.9509726e-05
      0.10906491      -1.5016248   0.00037628196
      0.11173379      -1.5483060  -0.00037264948
     0.093883075     -0.90767348  -0.00025209468
     0.093253282     -0.96933498   -0.0029405841
     0.092982065      -1.0315948   -0.0018025867
     0.093072559      -1.0939756  -0.00022553984
     0.093523713      -1.1559947    0.0010601790
     0.094330353      -1.2171858   0.00069248875
     0.095483470      -1.2771194  -0.00054023757
     0.096970705      -1.3354193  -6.5089709e-05
     0.098776967      -1.3917732  -0.00036962652
      0.10088512      -1.4459383   -0.0017874393
      0.10327668      -1.4977413   -0.0032239476
      0.10593246      -1.5470741   7.5031596e-05
     0.089381384     -0.86769763  -0.00045066128
     0.088529662     -0.93223663   -0.0011805202
     0.088052924     -0.99775072   -0.0035240521
     0.087957266      -1.0636918    0.0010367930
     0.088243928      -1.1294899   2.1834294e-05
     0.088909212      -1.1945825   0.00057570505
     0.089944717      -1.2584426    0.0026740337
     0.091337852      -1.3206024   0.00044215386
     0.093072559      -1.3806707  -0.00033565220
     0.095130154      -1.4383417    0.0029961931
     0.097490195      -1.4933967   -0.0019986527
      0.10013130      -1.5456994   -0.0021430506
     0.085037513     -0.82356093  -3.0894645e-05
     0.083941494     -0.89102068  -0.00017404419
     0.083236514     -0.95994235  -0.00067549985
     0.082932545      -1.0297039   -0.0021707251
     0.083033992      -1.0996358   0.00034097082
     0.083539377      -1.1690590  -0.00058279462
     0.084441448      -1.2373232    0.0015414424
     0.085727684      -1.3038422   0.00057508141
     0.087381121      -1.3681203  -0.00013104472
     0.089381384      -1.4297674    0.0025966973
     0.091705780      -1.4885040  -0.00044720924
     0.094330353      -1.5441557  -0.00026576578
     0.080876896     -0.77477960  -0.00053149335
     0.079512230     -0.84512734  -0.00050374901
     0.078553575     -0.91755929  -3.3749912e-05
     0.078015899     -0.99138298  -0.00035867424
     0.077907918      -1.0658196  -0.00034982340
     0.078231413      -1.1400508   -0.0010611819
     0.078981081      -1.2132715    0.0010179344
     0.080144964      -1.2847410  -0.00067944786
     0.081705362      -1.3538237   -0.0011844429
     0.083640088      -1.4200152    0.0039748950
     0.085923857      -1.4829526  -0.00040717972
     0.088529662      -1.5424097   5.3967580e-05
     0.076929273     -0.72085204   0.00049024202
     0.075269928     -0.79394241   0.00049799943
     0.074029439     -0.86990125  -0.00018187755
     0.073229098     -0.94798125  -0.00023496323
     0.072883404      -1.0272916   0.00067454117
     0.072998817      -1.1068526  -0.00072278424
     0.073573167      -1.1856661  -1.3030084e-05
     0.074595855      -1.2627890  -0.00026522479
     0.076048795      -1.3373965   0.00025696393
     0.077907918      -1.4088267  -0.00022969338
     0.080144964      -1.4766004   0.00021201610
     0.082729279      -1.5404188  -0.00049887837
     0.073229098     -0.66128611   -0.0019770640
     0.071247991     -0.73681429  -0.00088970541
     0.069695040     -0.81618017   0.00047907294
     0.068599329     -0.89861725  -0.00057093795
     0.067982971     -0.98313530   -0.0013412672
     0.067859027      -1.0685776  -0.00051148795
     0.068230182      -1.1537096  -0.00020791275
     0.069088457      -1.2373232  -0.00031728298
     0.070416043      -1.3183353   -0.0012921772
     0.072187050      -1.3958630   -0.0013617782
     0.074369807      -1.4692613  -9.5537068e-05
     0.076929273      -1.5381277   -0.0013441956
     0.069815724     -0.59564266   0.00067914218
     0.067485831     -0.67308829   8.6164032e-05
     0.065588004     -0.75553697   -0.0012633152
     0.064160597     -0.84226918   5.4926939e-05
     0.063235473     -0.93223663    0.0054787944
     0.062834822      -1.0241076   0.00061436888
     0.062968656      -1.1163691  -0.00047336076
     0.063633602      -1.2074691  -0.00098126944
     0.064813316      -1.2959694  -2.5099341e-05
     0.066480399      -1.3806707  -0.00045905851
     0.068599329      -1.4606871  -0.00026262629
     0.071129737      -1.5354631    0.0018297254
      0.12313197      -1.0589797   -0.0019295479
      0.12815708      -1.0358774   0.00023739147
      0.13324541      -1.0145290   0.00042918681
      0.13838999     -0.99475928   0.00038341520
      0.14358476     -0.97641334  -0.00046823222
      0.14882449     -0.95935382   0.00040793050
      0.15410457     -0.94345895   0.00035116815
      0.15942100     -0.92862067   0.00048863530
      0.16477026     -0.91474295   0.00059814214
      0.17014926     -0.90174030   -0.0014243230
      0.17555525     -0.88953649    0.0011642650
      0.18098583     -0.87806342  -0.00045084580
      0.12333690      -1.1060428   -0.0014332872
      0.12822275      -1.0811463  -0.00018001663
      0.13318222      -1.0580905   0.00054021854
      0.13820737      -1.0367007   1.0893276e-05
      0.14329131      -1.0168200  -0.00064805272
      0.14842800     -0.99830855   -0.0015407678
      0.15361213     -0.98104093   -0.0012677394
      0.15883907     -0.96490521  -0.00019227764
      0.16410473     -0.94980126  -0.00019386620
      0.16940548     -0.93563947  -0.00014322861
      0.17473815     -0.92233952  -0.00053707930
      0.18009990     -0.90982937  -7.9645556e-06
      0.12381377      -1.1528466  -0.00012496832
      0.12855060      -1.1262765  -0.00029737251
      0.13337171      -1.1016108   -0.0013147176
      0.13826827      -1.0786790    0.0013560953
      0.14323255      -1.0573262  -0.00057351253
      0.14825775      -1.0374123  -0.00026976626
      0.15333787      -1.0188109   0.00091519749
      0.15846764      -1.0014081   0.00048819627
      0.16364239     -0.98510130   0.00030373886
      0.16885797     -0.96979797  -0.00061712176
      0.17411073     -0.95541480   0.00025164889
      0.17939739     -0.94187669  -0.00077837968
      0.12455944      -1.1991907   0.00029305958
      0.12913864      -1.1710863   -0.0014013344
      0.13381282      -1.1449258   0.00063364523
      0.13857236      -1.1205467   -0.0029552385
      0.14340877      -1.0977991  -0.00073154257
      0.14831452      -1.0765459  -0.00055613263
      0.15328296      -1.0566620  -0.00015208249
      0.15830819      -1.0380335   -0.0018157980
      0.16338496      -1.0205569  -0.00021662018
      0.16850863      -1.0041383  -0.00095580154
      0.17367503     -0.98869263  -0.00065819491
      0.17888046     -0.97414255    0.0013235142
      0.12556912      -1.2448866  -0.00052005801
      0.12998333      -1.2154020  -0.00050986133
      0.13450306      -1.1878763   0.00032340363
      0.13911804      -1.1621585   0.00029285665
      0.14381909      -1.1381068  -0.00013454171
      0.14859805      -1.1155899   0.00027761736
      0.15344764      -1.0944861  -0.00035979800
      0.15836136      -1.0746835   5.2249528e-05
      0.16333343      -1.0560796   0.00058307421
      0.16835869      -1.0385806  -0.00056226183
      0.17343250      -1.0221006   0.00070172170
      0.17855073      -1.0065615   -0.0010313733
      0.12683652      -1.2897614    0.0017012778
      0.13107971      -1.2590610  -0.00029066660
      0.13543864      -1.2303109    0.0037260648
      0.13990249      -1.2033744   0.00064734706
      0.14446154      -1.1781207   0.00036451733
      0.14910705      -1.1544263  -0.00055373471
      0.15383119      -1.1321752   0.00052403246
      0.15862693      -1.1112598  -0.00081799419
      0.16348798      -1.0915799  -0.00047575734
      0.16840868      -1.0730433   0.00068215340
      0.17338395      -1.0555648  -0.00029324924
      0.17840922      -1.0390660    0.0013607678
      0.12835399      -1.3336620   0.00029824201
      0.13242153      -1.3019156   0.00033744485
      0.13661451      -1.2720893   0.00088265003
      0.14092172      -1.2440625   -0.0012264938
      0.14533302      -1.2177175   -0.0019745440
      0.14983921      -1.1929408  -0.00033077494
      0.15443199      -1.1696241   0.00028418229
      0.15910385      -1.1476653  -0.00026495463
      0.16384803      -1.1269687  -0.00044723043
      0.16865843      -1.1074447   -0.0010365235
      0.17352955      -1.0890101   0.00071007566
      0.17845640      -1.0715878  -0.00027813825
      0.13011279      -1.3764565  -0.00044903886
      0.13400142      -1.3438352   4.2464347e-05
      0.13802452      -1.3130845   0.00062507207
      0.14217068      -1.2841012   -0.0013926318
      0.14642945      -1.2567819  -0.00074332184
      0.15079129      -1.2310249   0.00020942454
      0.15524751      -1.2067311  -0.00065863069
      0.15979021      -1.1838057  -0.00093814538
      0.16441223      -1.1621585   4.1297790e-06
      0.16910706      -1.1417040   0.00050892422
      0.17386881      -1.1223622   0.00015487300
      0.17869211      -1.1040581   0.00011042230
      0.13210329      -1.4180357   0.00057408663
      0.13581107      -1.3847081   0.00020861769
      0.13966159      -1.3531848  -0.00052829413
      0.14364338      -1.3233808  -0.00012054062
      0.14774583      -1.2952081   0.00038835839
      0.15195916      -1.2685774   -0.0014269793
      0.15627440      -1.2434005   -0.0010572596
      0.16068334      -1.2195907   0.00076255685
      0.16517849      -1.1970647  -0.00028093810
      0.16975298      -1.1757423   0.00013765009
      0.17440059      -1.1555477  -6.8050887e-05
      0.17911561      -1.1364088  -0.00067815289
      0.13431517      -1.4583133   0.00018326954
      0.13784142      -1.4244417    0.0031919346
      0.14151784      -1.3922947   0.00069496995
      0.14533302      -1.3618053  -0.00011133094
      0.14927633      -1.3329010  -0.00063046684
      0.15333787      -1.3055060   0.00054191740
      0.15750851      -1.2795432   0.00041143884
      0.16177981      -1.2549354   0.00067772007
      0.16614400      -1.2316069    0.0011239740
      0.17059396      -1.2094839   -0.0011933790
      0.17512315      -1.1884954   0.00016094848
      0.17972557      -1.1685734  -0.00017150430
      0.13673769      -1.4972251   -0.0025207215
      0.14008289      -1.4629631  -0.00066613975
      0.14358476      -1.4303355   0.00023620527
      0.14723213      -1.3992928  -0.00047358131
      0.15101444      -1.3697778  -0.00081029971
      0.15492181      -1.3417281   0.00017991091
      0.15894503      -1.3150784  -0.00022968373
      0.16307552      -1.2897614  -0.00019525565
      0.16730534      -1.2657098   0.00024646507
      0.17162713      -1.2428568   0.00068070162
      0.17603413      -1.2211372   0.00031828262
      0.18052009      -1.2004877  -0.00026208720
      0.13935988      -1.5347276   0.00040648693
      0.14252552      -1.5002178  -3.7386268e-05
      0.14585341      -1.4672450   -0.0016734683
      0.14933271      -1.4357757    0.0024144823
      0.15295308      -1.4057676   -0.0019134010
      0.15670476      -1.3771716   -0.0010085453
      0.16057853      -1.3499339   -0.0017104887
      0.16456577      -1.3239976   0.00088151940
      0.16865843      -1.2993041  -0.00061905290
      0.17284904      -1.2757942  -0.00011363726
      0.17713063      -1.2534089   0.00071763226
      0.18149677      -1.2320904   -0.0017950044
