    0.0029014425      0.52359878   -0.0019748498
    0.0076764953       1.2373232  -0.00029819732
     0.013296080       1.3806707   0.00094105622
     0.019026031       1.4383417  -0.00036197219
     0.024789936       1.4692613   0.00045324633
     0.030568593       1.4885040  -0.00052924784
     0.036354970       1.5016248    0.0010076492
     0.042145887       1.5111413    0.0041271266
     0.047939698       1.5183581  -5.6295666e-05
     0.053735467       1.5240183   0.00015052413
     0.059532623       1.5285763   -0.0014927012
     0.065330796       1.5323253  -0.00054714790
    0.0076764953     -0.19012560  -0.00062163970
    0.0087043275      0.52359878   0.00033526352
     0.012647095      0.93223663  -0.00060334108
     0.017648786       1.1294899  -0.00040773436
     0.023029486       1.2373232   6.9743606e-05
     0.028575895       1.3038422  -0.00048005235
     0.034207502       1.3486067   4.5179099e-05
     0.039888240       1.3806707   -0.0013273422
     0.045599748       1.4047223   -0.0012753231
     0.051331758       1.4234114  -0.00059210302
     0.057078092       1.4383417  -0.00028724936
     0.062834822       1.4505387  -0.00053065679
     0.013296080     -0.33347317   0.00018515370
     0.012647095      0.11496092  -0.00047579290
     0.014507212      0.52359878    0.0010745066
     0.018119503      0.80463368    0.0018794232
     0.022660990      0.98313530  -0.00026548423
     0.027677997       1.0996358  -0.00044153452
     0.032954052       1.1796521   0.00035749088
     0.038382476       1.2373232   0.00046650827
     0.043906792       1.2805974   -0.0017437047
     0.049494901       1.3141517   -0.0015911954
     0.055127407       1.3408745    0.0014772597
     0.060791971       1.3626305    0.0014482621
     0.019026031     -0.39114418  -0.00012201177
     0.017648786    -0.082292343  -0.00042184655
     0.018119503      0.24256387   0.00039741664
     0.020310097      0.52359878  -0.00048967387
     0.023749330      0.73681429  -0.00016586991
     0.027980498      0.89102068  -0.00052219556
     0.032697596       1.0028152   -0.0011261779
     0.037718752       1.0856686   -0.0034182295
     0.042937428       1.1487325  -0.00047658112
     0.048289627       1.1979787  -0.00051000039
     0.053735467       1.2373232   0.00020705092
     0.059249132       1.2693872  -0.00023320006
     0.024789936     -0.42206380  -0.00049425449
     0.023029486     -0.19012560   0.00052765545
     0.022660990     0.064062249  -0.00063841632
     0.023749330      0.31038327  -8.0306821e-05
     0.026112982      0.52359878  -0.00062691795
     0.029446425      0.69510233   -0.0016078962
     0.033461067      0.82868530   0.00081858214
     0.037941284      0.93223663    0.0013412299
     0.042740917       1.0132488   0.00024507908
     0.047763772       1.0775751  -0.00061678107
     0.052946357       1.1294899  -0.00042882174
     0.058246052       1.1720556   0.00071291693
     0.030568593     -0.44130643   0.00059727945
     0.028575895     -0.25664466    0.0018251338
     0.027677997    -0.052438271    0.0035536152
     0.027980498      0.15617687  -0.00066646559
     0.029446425      0.35209522  -4.2177169e-05
     0.031915867      0.52359878   -0.0037216270
     0.035178121      0.66694634  -0.00066615843
     0.039034916      0.78401695  -0.00056066537
     0.043327776      0.87899313  -0.00059576096
     0.047939698      0.95628825  -0.00078880030
     0.052787119       1.0197116  -0.00033927455
     0.057810832       1.0722945   0.00066421698
     0.036354970     -0.45442728   0.00053517048
     0.034207502     -0.30140915   4.9570722e-05
     0.032954052     -0.13245460   0.00068769754
     0.032697596     0.044382395   0.00017959717
     0.033461067      0.21851225  -4.8570168e-05
     0.035178121      0.38025121   0.00059528466
     0.037718752      0.52359878  -4.5346839e-06
     0.040929883      0.64669121  -1.0008947e-07
     0.044667139      0.75055985  -0.00029816171
     0.048809818      0.83761316   0.00053983484
     0.053263404      0.91058938   3.7245980e-05
     0.057956268      0.97203287   0.00049019578
     0.042145887     -0.46394375   0.00073162336
     0.039888240     -0.33347317   0.00027915359
     0.038382476     -0.19012560   0.00023998809
     0.037718752    -0.038471027   0.00056938947
     0.037941284      0.11496092  -0.00049078927
     0.039034916      0.26318061  -0.00049500957
     0.040929883      0.40050634   -0.0017510435
     0.043521637      0.52359878   0.00041949987
     0.046694298      0.63143204  -0.00044235122
     0.050338146      0.72461735   -0.0012119378
     0.054358508      0.80463368  -0.00060321401
     0.058678043      0.87325792    0.0012313119
     0.047939698     -0.47116050   0.00043311480
     0.045599748     -0.35752479  -0.00037975306
     0.043906792     -0.23339984  -0.00047005348
     0.042937428     -0.10153498  -0.00049346237
     0.042740917     0.033948732  -8.1501903e-05
     0.043327776      0.16820442   -0.0023431738
     0.044667139      0.29663770  -0.00035019757
     0.046694298      0.41576552  -7.2930046e-05
     0.049324522      0.52359878  -8.0989798e-05
     0.052467195      0.61952847  -0.00041815005
     0.056036162      0.70393909   2.8218968e-05
     0.059955345      0.77778663  -0.00063917984
     0.053735467     -0.47682074   3.6205308e-05
     0.051331758     -0.37621381    0.0011037454
     0.049494901     -0.26695412   0.00058388124
     0.048289627     -0.15078113    0.0011384276
     0.047763772    -0.030377509  -0.00030081665
     0.047939698     0.090909298    0.0023917222
     0.048809818      0.20958439   -0.0020208077
     0.050338146      0.32258020  -0.00057956841
     0.052467195      0.42766908  -0.00091529141
     0.055127407      0.52359878   2.3916860e-05
     0.058246052      0.60998578  -0.00034281279
     0.061753712      0.68708375    0.0010721203
     0.059532623     -0.48137874    0.0035855000
     0.057078092     -0.39114418   0.00074146899
     0.055127407     -0.29367693   0.00051631711
     0.053735467     -0.19012560  -0.00062664712
     0.052946357    -0.082292343  -0.00019283547
     0.052787119     0.027485946    0.0028199559
     0.053263404      0.13660817  -0.00056717023
     0.054358508      0.24256387  -0.00055605453
     0.056036162      0.34325846  -0.00051203121
     0.058246052      0.43721177  -0.00016431430
     0.060930292      0.52359878   0.00063960187
     0.064029255      0.60216630  -0.00057429029
     0.065330796     -0.48512775   -0.0016903577
     0.062834822     -0.40334111  -0.00060707504
     0.060791971     -0.31543293  -0.00096825714
     0.059249132     -0.22218963   0.00029462077
     0.058246052     -0.12485803  -0.00018063701
     0.057810832    -0.025096915  -0.00025548243
     0.057956268     0.075164683    0.0011643953
     0.058678043      0.17393963   -0.0017696271
     0.059955345      0.26941092   -0.0020756745
     0.061753712      0.36011380  -0.00053951846
     0.064029255      0.44503126   0.00054708115
     0.066733177      0.52359878   -0.0010895959
    0.0029014425       2.6179939  -0.00083929750
    0.0076764953      -2.9514671  -0.00026615771
     0.013296080      -2.8081195   -0.0019531352
     0.019026031      -2.7504485  -0.00067891921
     0.024789936      -2.7195289    0.0014473310
     0.030568593      -2.7002862  -0.00044782243
     0.036354970      -2.6871654    0.0057433309
     0.042145887      -2.6776489  -0.00044094570
     0.047939698      -2.6704321  -5.9910881e-05
     0.053735467      -2.6647719  -0.00038682642
     0.059532623      -2.6602139   -0.0011477387
     0.065330796      -2.6564649  -0.00013136440
    0.0076764953       1.9042695  -9.4811398e-05
    0.0087043275       2.6179939   0.00039720550
     0.012647095       3.0266317    0.0039194118
     0.017648786      -3.0593003  -0.00022183529
     0.023029486      -2.9514671   -0.0013150616
     0.028575895      -2.8849480  -0.00036165862
     0.034207502      -2.8401835  -0.00022901604
     0.039888240      -2.8081195   0.00050532898
     0.045599748      -2.7840679  -0.00080450802
     0.051331758      -2.7653788   0.00010174515
     0.057078092      -2.7504485  -2.1228484e-05
     0.062834822      -2.7382515    0.0010348768
     0.013296080       1.7609219  -0.00057841504
     0.012647095       2.2093560  -0.00011497899
     0.014507212       2.6179939  -0.00024409836
     0.018119503       2.8990288   0.00059046675
     0.022660990       3.0775304  -0.00032456641
     0.027677997      -3.0891544    0.0010652169
     0.032954052      -3.0091381   -0.0026486949
     0.038382476      -2.9514671  -0.00021373387
     0.043906792      -2.9081928  -0.00036464812
     0.049494901      -2.8746385   -0.0017453580
     0.055127407      -2.8479157   0.00011281669
     0.060791971      -2.8261597   0.00051834436
     0.019026031       1.7032509  -8.6135581e-05
     0.017648786       2.0121028  -0.00062612893
     0.018119503       2.3369590  -0.00086944150
     0.020310097       2.6179939   0.00069430539
     0.023749330       2.8312094   0.00040277094
     0.027980498       2.9854158  -0.00064303481
     0.032697596       3.0972103   -0.0014094550
     0.037718752      -3.1031216  -0.00049220941
     0.042937428      -3.0400577   0.00018943086
     0.048289627      -2.9908115   0.00063185773
     0.053735467      -2.9514671  -0.00037798229
     0.059249132      -2.9194030   0.00041234481
     0.024789936       1.6723313    0.0011593547
     0.023029486       1.9042695  -0.00012099341
     0.022660990       2.1584574   0.00053845739
     0.023749330       2.4047784   0.00043293386
     0.026112982       2.6179939   0.00056011259
     0.029446425       2.7894974  -4.2965954e-05
     0.033461067       2.9230804   -0.0015973387
     0.037941284       3.0266317   0.00026606091
     0.042740917       3.1076439   0.00082866169
     0.047763772      -3.1112151   0.00092297519
     0.052946357      -3.0593003  -0.00040391333
     0.058246052      -3.0167346   -0.0015701997
     0.030568593       1.6530887   0.00058293304
     0.028575895       1.8377504   0.00061806516
     0.027677997       2.0419568    0.0014919832
     0.027980498       2.2505720  -0.00016501970
     0.029446425       2.4464903  -0.00018408910
     0.031915867       2.6179939    0.0013124408
     0.035178121       2.7613414   0.00059252506
     0.039034916       2.8784120  -0.00033644786
     0.043327776       2.9733882  -0.00034995722
     0.047939698       3.0506834   -0.0015281946
     0.052787119       3.1141067  -0.00011724303
     0.057810832      -3.1164957   -0.0030519841
     0.036354970       1.6399678   0.00050642060
     0.034207502       1.7929860   0.00085481096
     0.032954052       1.9619405  -0.00046869948
     0.032697596       2.1387775  -0.00041726439
     0.033461067       2.3129074  -0.00055830738
     0.035178121       2.4746463    0.0011556215
     0.037718752       2.6179939   0.00045466129
     0.040929883       2.7410863   0.00069266429
     0.044667139       2.8449550   -0.0015725669
     0.048809818       2.9320083   -0.0014586602
     0.053263404       3.0049845  -0.00063536914
     0.057956268       3.0664280  -0.00050740871
     0.042145887       1.6304514  -0.00096935076
     0.039888240       1.7609219  -0.00013355157
     0.038382476       1.9042695  -0.00031294938
     0.037718752       2.0559241    0.0016571862
     0.037941284       2.2093560   0.00043128141
     0.039034916       2.3575757   0.00057785689
     0.040929883       2.4949014    0.0018673297
     0.043521637       2.6179939   0.00025436766
     0.046694298       2.7258271  -5.5938322e-05
     0.050338146       2.8190125    0.0026177684
     0.054358508       2.8990288  -0.00060311438
     0.058678043       2.9676530  -0.00066983019
     0.047939698       1.6232346   3.0931277e-05
     0.045599748       1.7368703   -0.0012434303
     0.043906792       1.8609953  -0.00018111961
     0.042937428       1.9928601    0.0021697962
     0.042740917       2.1283438  -0.00083920478
     0.043327776       2.2625995  -0.00029064808
     0.044667139       2.3910328   8.2310019e-05
     0.046694298       2.5101606   -0.0018158071
     0.049324522       2.6179939  -0.00083834378
     0.052467195       2.7139236    0.0031609499
     0.056036162       2.7983342  -0.00082878702
     0.059955345       2.8721817  -0.00042533840
     0.053735467       1.6175744  -0.00098276274
     0.051331758       1.7181813  -0.00050602577
     0.049494901       1.8274410  -0.00020660293
     0.048289627       1.9436140  -0.00027282113
     0.047763772       2.0640176  -0.00036016222
     0.047939698       2.1853044    0.0012501166
     0.048809818       2.3039795   0.00041222284
     0.050338146       2.4169753   0.00055482565
     0.052467195       2.5220642   0.00014951574
     0.055127407       2.6179939  -0.00021985763
     0.058246052       2.7043809  -0.00042745533
     0.061753712       2.7814789  -0.00034490791
     0.059532623       1.6130164  -4.5378653e-06
     0.057078092       1.7032509   -0.0014318684
     0.055127407       1.8007182  -0.00024609957
     0.053735467       1.9042695    0.0053443594
     0.052946357       2.0121028   0.00017651389
     0.052787119       2.1218810   -0.0017078266
     0.053263404       2.2310033   0.00012029386
     0.054358508       2.3369590   -0.0011362903
     0.056036162       2.4376536   -0.0026346153
     0.058246052       2.5316069   0.00026746959
     0.060930292       2.6179939  -0.00062653880
     0.064029255       2.6965614   -0.0017722064
     0.065330796       1.6092674   1.7309185e-05
     0.062834822       1.6910540   -0.0018897745
     0.060791971       1.7789622   -0.0015470308
     0.059249132       1.8722055   -0.0018663719
     0.058246052       1.9695371  -9.2942677e-05
     0.057810832       2.0692982   0.00058349055
     0.057956268       2.1695598   9.8455097e-05
     0.058678043       2.2683347    0.0020868016
     0.059955345       2.3638060  -0.00095273600
     0.061753712       2.4545089   0.00065908185
     0.064029255       2.5394264  -0.00025133761
     0.066733177       2.6179939  -0.00068536153
    0.0029014425      -1.5707963  -0.00066520736
    0.0076764953     -0.85707195    0.0023508252
     0.013296080     -0.71372438   0.00049888445
     0.019026031     -0.65605337   -0.0015852372
     0.024789936     -0.62513375   -0.0011448104
     0.030568593     -0.60589112    0.0030490721
     0.036354970     -0.59277027    0.0023691775
     0.042145887     -0.58325380   0.00068312549
     0.047939698     -0.57603705  -0.00031905769
     0.053735467     -0.57037681  -0.00021354781
     0.059532623     -0.56581881  -8.1149074e-05
     0.065330796     -0.56206980  -0.00016351120
    0.0076764953      -2.2845207  -0.00060418816
    0.0087043275      -1.5707963   0.00099546755
     0.012647095      -1.1621585  -0.00043066989
     0.017648786     -0.96490521    0.0017117188
     0.023029486     -0.85707195  -0.00050273265
     0.028575895     -0.79055289   0.00012254638
     0.034207502     -0.74578840   0.00054488744
     0.039888240     -0.71372438  -0.00041387362
     0.045599748     -0.68967276    0.0010688817
     0.051331758     -0.67098374  -0.00057993201
     0.057078092     -0.65605337  -0.00055117860
     0.062834822     -0.64385644  -0.00022744540
     0.013296080      -2.4278683   0.00056609994
     0.012647095      -1.9794342  -0.00030086473
     0.014507212      -1.5707963   3.1733418e-05
     0.018119503      -1.2897614  -0.00023242370
     0.022660990      -1.1112598   -0.0012151667
     0.027677997     -0.99475928   -0.0022980620
     0.032954052     -0.91474295    0.0010342952
     0.038382476     -0.85707195    0.0026255569
     0.043906792     -0.81379771  -0.00088715548
     0.049494901     -0.78024343  -0.00016169718
     0.055127407     -0.75352062   -0.0016870500
     0.060791971     -0.73176462    0.0020907695
     0.019026031      -2.4855393  -0.00026659808
     0.017648786      -2.1766874    0.0013213197
     0.018119503      -1.8518312  -0.00086941107
     0.020310097      -1.5707963   0.00027598097
     0.023749330      -1.3575808  -0.00047246581
     0.027980498      -1.2033744    0.0013211638
     0.032697596      -1.0915799  -0.00059990824
     0.037718752      -1.0087265   0.00058815700
     0.042937428     -0.94566257  -0.00032563198
     0.048289627     -0.89641642   -0.0017399460
     0.053735467     -0.85707195   -0.0019497341
     0.059249132     -0.82500793   0.00088937508
     0.024789936      -2.5164589  -0.00014492790
     0.023029486      -2.2845207   0.00016838499
     0.022660990      -2.0303329  -2.3533265e-05
     0.023749330      -1.7840118   0.00034270527
     0.026112982      -1.5707963  -0.00051028307
     0.029446425      -1.3992928  -0.00091065002
     0.033461067      -1.2657098   0.00064978350
     0.037941284      -1.1621585  -0.00065325395
     0.042740917      -1.0811463  -0.00026446505
     0.047763772      -1.0168200  -0.00042280159
     0.052946357     -0.96490521   -0.0021111932
     0.058246052     -0.92233952  -0.00087622410
     0.030568593      -2.5357015  -0.00027959190
     0.028575895      -2.3510398  -0.00023700006
     0.027677997      -2.1468334    0.0011450560
     0.027980498      -1.9382182  -0.00057148320
     0.029446425      -1.7422999   0.00093386280
     0.031915867      -1.5707963   0.00044397695
     0.035178121      -1.4274488  -0.00047958725
     0.039034916      -1.3103782  -0.00035496056
     0.043327776      -1.2154020    0.0016190087
     0.047939698      -1.1381068  -0.00026952996
     0.052787119      -1.0746835  -5.3802215e-06
     0.057810832      -1.0221006    0.0011278962
     0.036354970      -2.5488224   -0.0012510148
     0.034207502      -2.3958043  -9.6935248e-05
     0.032954052      -2.2268497   -0.0024746348
     0.032697596      -2.0500127  -0.00025202926
     0.033461067      -1.8758829  -0.00014972219
     0.035178121      -1.7141439   -0.0010230443
     0.037718752      -1.5707963   0.00041083423
     0.040929883      -1.4477039   -0.0019668711
     0.044667139      -1.3438352   -0.0019643991
     0.048809818      -1.2567819  -0.00084199369
     0.053263404      -1.1838057  -0.00020426762
     0.057956268      -1.1223622   -0.0010451371
     0.042145887      -2.5583389  -0.00014411387
     0.039888240      -2.4278683   -0.0016254915
     0.038382476      -2.2845207   1.6976951e-05
     0.037718752      -2.1328661  -0.00051838295
     0.037941284      -1.9794342   0.00012155282
     0.039034916      -1.8312145   0.00039311855
     0.040929883      -1.6938888    0.0023806147
     0.043521637      -1.5707963  -0.00046089024
     0.046694298      -1.4629631   0.00023841644
     0.050338146      -1.3697778   -0.0019048651
     0.054358508      -1.2897614   -0.0015930625
     0.058678043      -1.2211372    0.0021996369
     0.047939698      -2.5655556   0.00086237984
     0.045599748      -2.4519199  -0.00051960241
     0.043906792      -2.3277949  -0.00023893000
     0.042937428      -2.1959301  -0.00015439394
     0.042740917      -2.0604464   0.00050517769
     0.043327776      -1.9261907    0.0017509154
     0.044667139      -1.7977574    0.0011327258
     0.046694298      -1.6786296   0.00061578681
     0.049324522      -1.5707963  -0.00078815174
     0.052467195      -1.4748666  -0.00025592567
     0.056036162      -1.3904560  -0.00011490941
     0.059955345      -1.3166085   0.00014503146
     0.053735467      -2.5712158  -0.00046894450
     0.051331758      -2.4706089  -0.00029218214
     0.049494901      -2.3613492   -0.0020476657
     0.048289627      -2.2451762   -0.0016965794
     0.047763772      -2.1247726    0.0012256742
     0.047939698      -2.0034858   -0.0033239217
     0.048809818      -1.8848107   0.00066168946
     0.050338146      -1.7718149  -0.00067406727
     0.052467195      -1.6667260  -0.00046080778
     0.055127407      -1.5707963   0.00067430072
     0.058246052      -1.4844093   0.00044874687
     0.061753712      -1.4073114   0.00059036799
     0.059532623      -2.5757738  -0.00039024577
     0.057078092      -2.4855393   -0.0012649333
     0.055127407      -2.3880720  -0.00084240613
     0.053735467      -2.2845207  -0.00020042406
     0.052946357      -2.1766874  -0.00048132343
     0.052787119      -2.0669092   0.00026581557
     0.053263404      -1.9577869  -0.00031358961
     0.054358508      -1.8518312  -0.00012804301
     0.056036162      -1.7511366   0.00022460642
     0.058246052      -1.6571833  -0.00023654101
     0.060930292      -1.5707963    0.0011123184
     0.064029255      -1.4922288   0.00078471018
     0.065330796      -2.5795229  -0.00044618929
     0.062834822      -2.4977362   -0.0012634484
     0.060791971      -2.4098280  -0.00090852822
     0.059249132      -2.3165847  -0.00056592676
     0.058246052      -2.2192531  -0.00030952469
     0.057810832      -2.1194920   0.00028320548
     0.057956268      -2.0192304  -0.00029285013
     0.058678043      -1.9204555  -0.00042335341
     0.059955345      -1.8249842  -0.00059636922
     0.061753712      -1.7342813   -0.0031635073
     0.064029255      -1.6493638  -0.00033062388
     0.066733177      -1.5707963   -0.0014921477
      0.12313197       1.0354154  -0.00090741711
      0.12815708       1.0585177  -0.00013673596
      0.13324541       1.0798661   0.00037155461
      0.13838999       1.0996358  -0.00044139798
      0.14358476       1.1179818  -0.00048055399
      0.14882449       1.1350413  -0.00018994721
      0.15410457       1.1509362    0.0033332206
      0.15942100       1.1657744   0.00066613081
      0.16477026       1.1796521   0.00083668667
      0.17014926       1.1926548   -0.0010084342
      0.17555525       1.2048586  -0.00012387330
      0.18098583       1.2163317   -0.0018587637
      0.12333690      0.98835228   -0.0024541441
      0.12822275       1.0132488  -0.00020755972
      0.13318222       1.0363046    0.0025116355
      0.13820737       1.0576944  -0.00016215905
      0.14329131       1.0775751  -0.00054535307
      0.14842800       1.0960866   -0.0011927706
      0.15361213       1.1133542   0.00013649722
      0.15883907       1.1294899    0.0043689573
      0.16410473       1.1445938  -0.00086578065
      0.16940548       1.1587556  -4.3568062e-05
      0.17473815       1.1720556    0.0013488410
      0.18009990       1.1845657  -0.00060061589
      0.12381377      0.94154846  -1.3064567e-05
      0.12855060      0.96811865  -0.00094139969
      0.13337171      0.99278431  -0.00081470032
      0.13826827       1.0157161  -0.00015935951
      0.14323255       1.0370689  -0.00067179892
      0.14825775       1.0569828  -0.00027039264
      0.15333787       1.0755842  -0.00012022042
      0.15846764       1.0929870    0.0012620857
      0.16364239       1.1092938  -0.00081431632
      0.16885797       1.1245971    0.0018625643
      0.17411073       1.1389803   0.00057577956
      0.17939739       1.1525184  -0.00014681622
      0.12455944      0.89520435   -0.0017553978
      0.12913864      0.92330877   -0.0013882442
      0.13381282      0.94946926  -0.00047259810
      0.13857236      0.97384843   -0.0022581770
      0.14340877      0.99659602   0.00071712809
      0.14831452       1.0178492  -0.00039562708
      0.15328296       1.0377331   -0.0010780650
      0.15830819       1.0563616   0.00011861175
      0.16338496       1.0738382  -0.00016120442
      0.16850863       1.0902568   1.1665503e-06
      0.17367503       1.1057025  -0.00036328422
      0.17888046       1.1202526   -0.0031193950
      0.12556912      0.84950855    0.0011497120
      0.12998333      0.87899313  -0.00031355575
      0.13450306      0.90651878  -0.00076120614
      0.13911804      0.93223663  -0.00059557790
      0.14381909      0.95628825   0.00077169109
      0.14859805      0.97880520  -7.0361517e-05
      0.15344764      0.99990904  -0.00028984308
      0.15836136       1.0197116   -0.0012709592
      0.16333343       1.0383155   0.00032718819
      0.16835869       1.0558145   0.00082471383
      0.17343250       1.0722945  -0.00077554323
      0.17855073       1.0878336    0.0012585966
      0.12683652      0.80463368   0.00055086938
      0.13107971      0.83533415   8.7814031e-05
      0.13543864      0.86408418  -9.4533031e-07
      0.13990249      0.89102068  -0.00061082467
      0.14446154      0.91627438  -0.00015908519
      0.14910705      0.93996885   0.00030828823
      0.15383119      0.96221986   0.00029367484
      0.15862693      0.98313530  -0.00012005981
      0.16348798       1.0028152    0.0021913808
      0.16840868       1.0213518  -0.00054497900
      0.17338395       1.0388304  -0.00041822169
      0.17840922       1.0553291    0.0038083799
      0.12835399      0.76073308   0.00019477224
      0.13242153      0.79247953   0.00016264699
      0.13661451      0.82230583   -0.0031045851
      0.14092172      0.85033255  -0.00066884767
      0.14533302      0.87667756    0.0010617390
      0.14983921      0.90145434    0.0017418409
      0.15443199      0.92477103  -9.7790902e-06
      0.15910385      0.94672976  -0.00053890132
      0.16384803      0.96742638   0.00050037828
      0.16865843      0.98695037  -3.6397259e-05
      0.17352955       1.0053850  -0.00042412470
      0.17845640       1.0228073  -0.00053272384
      0.13011279      0.71793859   0.00012834092
      0.13400142      0.75055985   -0.0015433632
      0.13802452      0.78131062   -0.0027174077
      0.14217068      0.81029391  -0.00012348055
      0.14642945      0.83761316  -0.00015903059
      0.15079129      0.86337023   0.00098911475
      0.15524751      0.88766401   -0.0012696886
      0.15979021      0.91058938    0.0011713804
      0.16441223      0.93223663  -0.00088845565
      0.16910706      0.95269107  -0.00041730877
      0.17386881      0.97203287    0.0011502947
      0.17869211      0.99033705  -0.00054448137
      0.13210329      0.67635939  -2.7397656e-05
      0.13581107      0.70968699    0.0021065278
      0.13966159      0.74121033  -0.00016333058
      0.14364338      0.77101429   0.00057071073
      0.14774583      0.79918703    0.0011200240
      0.15195916      0.82581767   0.00017252534
      0.15627440      0.85099465   0.00050027708
      0.16068334      0.87480440   -0.0011065483
      0.16517849      0.89733044  -0.00040173314
      0.16975298      0.91865275   -0.0011661141
      0.17440059      0.93884742    0.0034191550
      0.17911561      0.95798634   0.00010192191
      0.13431517      0.63608180   0.00095332654
      0.13784142      0.66995337   -0.0026714565
      0.14151784      0.70210040   -0.0010495285
      0.14533302      0.73258980  -1.4361455e-05
      0.14927633      0.76149408    0.0026341401
      0.15333787      0.78888906  -9.3690001e-05
      0.15750851      0.81485191   -0.0012373713
      0.16177981      0.83945969    0.0021025981
      0.16614400      0.86278822  -0.00026244305
      0.17059396      0.88491123  -0.00065402718
      0.17512315      0.90589974  -2.6671883e-05
      0.17972557      0.92582172    0.0016693202
      0.13673769      0.59717004   0.00058549442
      0.14008289      0.63143204   0.00031296462
      0.14358476      0.66405960   5.7990713e-07
      0.14723213      0.69510233    0.0023636651
      0.15101444      0.72461735   0.00037820748
      0.15492181      0.75266697    0.0013746100
      0.15894503      0.77931671   -0.0017694767
      0.16307552      0.80463368    0.0021927494
      0.16730534      0.82868530  -0.00054340656
      0.17162713      0.85153830  -0.00026205600
      0.17603413      0.87325792  -0.00054826191
      0.18052009      0.89390742   3.4822107e-05
      0.13935988      0.55966752  -0.00031999041
      0.14252552      0.59417730   0.00025639089
      0.14585341      0.62715011    0.0043723491
      0.14933271      0.65861937    0.0030512711
      0.15295308      0.68862746  -0.00061106463
      0.15670476      0.71722346   -0.0014801053
      0.16057853      0.74446116   2.2170541e-05
      0.16456577      0.77039747   0.00064867460
      0.16865843      0.79509099  -0.00027426611
      0.17284904      0.81860092   0.00043757029
      0.17713063      0.84098618  -0.00016014470
      0.18149677      0.86230468  -0.00056074275
      0.12064559       1.0712492   -0.0019470207
      0.11573083       1.0973598   -0.0010451190
      0.11090192       1.1257651  -0.00036874486
      0.10617060       1.1567289  -0.00091578734
      0.10155049       1.1905451   0.00078681069
     0.097057480       1.2275379   -0.0016844244
     0.092710055       1.2680599  -0.00051459778
     0.088529662       1.3124878   -0.0014931624
     0.084541084       1.3612119   0.00029803419
     0.080772740       1.4146195   -0.0014132482
     0.077256866       1.4730680    0.0018234708
     0.074029439       1.5368476  -0.00051688763
      0.12577009       1.0933528    0.0036589657
      0.12092438       1.1192414  -0.00024527820
      0.11616645       1.1472709   0.00023720407
      0.11150753       1.1776681    0.0015314924
      0.10696057       1.2106825   -0.0018557512
      0.10254044       1.2465852   -0.0012599405
     0.098264280       1.2856668  -0.00087405760
     0.094151697       1.3282325  -0.00030185697
     0.090225065       1.3745934  -5.5348324e-05
     0.086509708       1.4250531    0.0010959667
     0.083033992       1.4798870   0.00031123296
     0.079829224       1.5393149  -0.00021870996
      0.13095120       1.1137166    0.0018236573
      0.12617105       1.1393122   0.00039973756
      0.12148004       1.1669038  -0.00034154772
      0.11688889       1.1966871  -0.00018343137
      0.11240984       1.2288743   -0.0012146770
      0.10805682       1.2636934   -0.0014158765
      0.10384570       1.3013854  -0.00051805475
     0.099794439       1.3421997  -0.00018592092
     0.095923286       1.3863870  -4.7941377e-05
     0.092254922       1.4341882    0.0021798399
     0.088814477       1.4858186  -0.00023324045
     0.085629428       1.5414480   0.00031806207
      0.13618247       1.1325232  -0.00047227236
      0.13146448       1.1577736  -4.1360059e-05
      0.12683652       1.1848849   0.00035027998
      0.12230879       1.2140262   -0.0010460673
      0.11789286       1.2453790    0.0013188539
      0.11360176       1.2791357   -0.0015108925
      0.10945016       1.3154975  -0.00055710896
      0.10545456       1.3546698  -0.00052417497
      0.10163335       1.3968567   9.3968375e-05
     0.098006931       1.4422515   0.00016417484
     0.094597705       1.4910252   0.00019507830
     0.091429973       1.5433104  -0.00054389214
      0.14145834       1.1499328   0.00018487155
      0.13679924       1.1748005   0.00064228120
      0.13223068       1.2014039    0.0011121982
      0.12776234       1.2298896   0.00083917812
      0.12340514       1.2604131   0.00065528559
      0.11917125       1.2931377  -0.00041198314
      0.11507430       1.3282325  -0.00020598117
      0.11112941       1.3658680   0.00025355731
      0.10735337       1.4062116   0.00074440639
      0.10376461       1.4494205   0.00068829204
      0.10038320       1.4956316   0.00052341511
     0.097230797       1.5449506   0.00035908033
      0.14677399       1.1660860   0.00065389436
      0.14217068       1.1905451  -0.00062969496
      0.13765808       1.2166243  -8.1667293e-06
      0.13324541       1.2444508    0.0020937693
      0.12894292       1.2741586    0.0032961410
      0.12476203       1.3058871    0.0014526905
      0.12071535       1.3397789  -0.00061900382
      0.11681685       1.3759769   0.00037021503
      0.11308184       1.4146195  -3.0306699e-05
      0.10952705       1.4558354  -0.00036369821
      0.10617060       1.4997360  -2.6195389e-05
      0.10303185       1.5464061   0.00056235656
      0.15212526       1.1811064   0.00011332184
      0.14757479       1.2051400   0.00063169388
      0.14311496       1.2306870    0.0019252809
      0.13875449       1.2578584  -0.00018018129
      0.13450306       1.2867700   0.00032509166
      0.13037134       1.3175412  -1.8249245e-05
      0.12637106       1.3502932   -0.0010352429
      0.12251511       1.3851463   -0.0021824292
      0.11881752       1.4222160  -9.9633292e-05
      0.11529356       1.4616088  -0.00034926362
      0.11195959       1.5034160   -0.0020483859
      0.10883310       1.5477064   0.00043545405
      0.15750851       1.1951031   0.00067201626
      0.15300811       1.2187011   -0.0010668973
      0.14859805       1.2437144  -0.00087828418
      0.14428661       1.2702400   0.00078569288
      0.14008289       1.2983784   0.00021424454
      0.13599690       1.3282325  -0.00063446862
      0.13203954       1.3599057  -0.00033186653
      0.12822275       1.3935000    0.0011366230
      0.12455944       1.4291126  -0.00044471624
      0.12106354       1.4668321   0.00045554719
      0.11774996       1.5067341   7.0004123e-05
      0.11463452       1.5488751   0.00018887964
      0.16292058       1.2081723   -0.0020168093
      0.15846764       1.2313300   -0.0018943882
      0.15410457       1.2558127   -0.0018913750
      0.14983921       1.2817055  -0.00057399770
      0.14568015       1.3090961  -0.00038225221
      0.14163676       1.3380733   0.00037043751
      0.13771922       1.3687261  -0.00083796881
      0.13393858       1.4011413   -0.0012184717
      0.13030675       1.4354011   0.00017728515
      0.12683652       1.4715800   -0.0018625402
      0.12354150       1.5097411   -0.0010208802
      0.12043608       1.5499313   -0.0012558171
      0.16835869       1.2203992  -0.00052529000
      0.16395076       1.2431159    0.0011393174
      0.15963208       1.2670747   -0.0035845877
      0.15541010       1.2923504    0.0033649416
      0.15129291       1.3190197   0.00017618933
      0.14728929       1.3471597  -0.00024724359
      0.14340877       1.3768472  -0.00030079894
      0.13966159       1.4081567    0.0020059392
      0.13605878       1.4411581  -0.00071755715
      0.13261211       1.4759145   2.8239558e-05
      0.12933406       1.5124788   -0.0023320409
      0.12623776       1.5508903    0.0011543627
      0.17382038       1.2318593   -0.0037895655
      0.16945517       1.2541376  -6.2485422e-06
      0.16517849       1.2775816   0.00077376383
      0.16099738       1.3022575  -0.00013296332
      0.15691950       1.3282325  -0.00052071847
      0.15295308       1.3555738  -0.00086271321
      0.14910705       1.3843481   0.00028313952
      0.14539093       1.4146195   0.00016705606
      0.14181496       1.4464479   0.00042293894
      0.13838999       1.4798870   0.00066463471
      0.13512750       1.5149818   0.00020718842
      0.13203954       1.5517651   -0.0011727461
      0.17930351       1.2426199    0.0011153546
      0.17497887       1.2644646    0.0013297623
      0.17074194       1.2874049   1.6311961e-05
      0.16659940       1.3114992   0.00011211907
      0.16255848       1.3368068  -0.00044150861
      0.15862693       1.3633865    0.0057200907
      0.15481310       1.3912964   -0.0017463102
      0.15112589       1.4205920    0.0010851683
      0.14757479       1.4513249  -0.00065214879
      0.14416987       1.4835411  -0.00078356113
      0.14092172       1.5172789   -0.0016286171
      0.13784142       1.5525662    0.0010474504
      0.11810689       1.0349141    0.0011149620
      0.11832053      0.98585437  -0.00047646644
      0.11881752      0.93708828  -0.00063526441
      0.11959435      0.88884200  -0.00054551610
      0.12064559      0.84132733  -0.00066591117
      0.12196416      0.79473657   0.00034161120
      0.12354150      0.74923869   0.00066660334
      0.12536783      0.70497687  -0.00059721178
      0.12743246      0.66206737   -0.0012681548
      0.12972401      0.62059962  -0.00052711870
      0.13223068      0.58063741   2.7694369e-06
      0.13494047      0.54222082   -0.0034975947
      0.11308184       1.0600269   -0.0015514997
      0.11315626       1.0087265    0.0059260724
      0.11352763      0.95762781   0.00099090496
      0.11419305      0.90699344  -1.5988286e-05
      0.11514743      0.85707195   0.00067341918
      0.11638365      0.80809085    0.0011352814
      0.11789286      0.76025128   0.00012405469
      0.11966472      0.71372438   -0.0011684985
      0.12168776      0.66864944  -0.00027164822
      0.12394968      0.62513375   0.00065697904
      0.12643766      0.58325380   0.00067848504
      0.12913864      0.54305756  -0.00062691230
      0.10813470       1.0874560   0.00025326329
      0.10805682       1.0337716  -0.00054272692
      0.10829029      0.98016438  -0.00019145725
      0.10883310      0.92693989   -0.0012328704
      0.10968067      0.87439072   0.00025495500
      0.11082599      0.82278735  -0.00041349487
      0.11225996      0.77237064   9.8171721e-05
      0.11397167      0.72334659  -9.2013044e-06
      0.11594884      0.67588342  -0.00040224165
      0.11817814      0.63011087    0.0025823811
      0.12064559      0.58612143  -0.00062518541
      0.12333690      0.54397302  -0.00058733183
      0.10327668       1.1174901   0.00051307574
      0.10303185       1.0612783   0.00015953282
      0.10311353       1.0049775   0.00098988008
      0.10352093      0.94894296    0.0010781377
      0.10425025      0.89352003  -0.00043847759
      0.10529478      0.83903171  -0.00024072852
      0.10664528      0.78576826    0.0032422122
      0.10829029      0.73397951    0.0024839198
      0.11021663      0.68387031  -0.00011317914
      0.11240984      0.63559893   0.00025114304
      0.11485462      0.58927825  -0.00022182610
      0.11753528      0.54497886  -0.00031896323
     0.098520957       1.1504560   0.00080151104
     0.098092789       1.0915799   -0.0014110205
     0.098006931       1.0323948    0.0057614251
     0.098264280      0.97331302   0.00032402918
     0.098862156      0.91474295    0.0011268516
     0.099794439      0.85707195  -0.00052531268
      0.10105187      0.80065197  -0.00057987192
      0.10262251      0.74578840   0.00020803820
      0.10449222      0.69273291  -0.00047739516
      0.10664528      0.64168050   0.00041024846
      0.10906491      0.59277027    0.0013968504
      0.11173379      0.54608915   0.00059413336
     0.093883075       1.1867216   0.00046207111
     0.093253282       1.1250601   -0.0013476667
     0.092982065       1.0628003  -0.00029031732
     0.093072559       1.0004195  -0.00057784480
     0.093523713      0.93840043    0.0011505222
     0.094330353      0.87720935  -0.00039287105
     0.095483470      0.81727571  -0.00065807715
     0.096970705      0.75897584   -0.0011736224
     0.098776967      0.70262195  -0.00052837433
      0.10088512      0.64845681   0.00064970515
      0.10327668      0.59665378    0.0020703551
      0.10593246      0.54732105  -0.00038537585
     0.089381384       1.2266975   -0.0010560081
     0.088529662       1.1621585    0.0024545690
     0.088052924       1.0966444   4.2098710e-06
     0.087957266       1.0307033   -0.0011667738
     0.088243928      0.96490521  -0.00095704665
     0.088909212      0.89981259    0.0010762978
     0.089944717      0.83595252  -0.00055888768
     0.091337852      0.77379268   -0.0010415536
     0.093072559      0.71372438  -0.00040821958
     0.095130154      0.65605337   0.00066769601
     0.097490195      0.60099836  -0.00024704496
      0.10013130      0.54869569   0.00025104968
     0.085037513       1.2708342  -0.00063173507
     0.083941494       1.2033744   0.00032215984
     0.083236514       1.1344527    0.0055811474
     0.082932545       1.0646912  -0.00057028109
     0.083033992      0.99475928  -0.00055683397
     0.083539377      0.92533614   -0.0023744177
     0.084441448      0.85707195    0.0016801399
     0.085727684      0.79055289   -0.0017117046
     0.087381121      0.72627481  -0.00036006919
     0.089381384      0.66462767   -0.0034362721
     0.091705780      0.60589112  -6.5086528e-05
     0.094330353      0.55023941   3.0134545e-05
     0.080876896       1.3196155   0.00010388390
     0.079512230       1.2492678  -0.00052897362
     0.078553575       1.1768358  -0.00028760814
     0.078015899       1.1030121  -0.00031624394
     0.077907918       1.0285755   0.00025906796
     0.078231413      0.95434432   0.00035548264
     0.078981081      0.88112357    0.0036260903
     0.080144964      0.80965407  -0.00034442757
     0.081705362      0.74057143   -0.0034383801
     0.083640088      0.67437990  -0.00022688999
     0.085923857      0.61144251   0.00039691550
     0.088529662      0.55198542   7.2995794e-05
     0.076929273       1.3735431   0.00048999459
     0.075269928       1.3004527  -0.00040272784
     0.074029439       1.2244939    0.0012933968
     0.073229098       1.1464139   0.00053669711
     0.072883404       1.0671036  -0.00093271915
     0.072998817      0.98754253  -9.9544828e-05
     0.073573167      0.90872896   -0.0022135966
     0.074595855      0.83160612  -0.00085754859
     0.076048795      0.75699862  -0.00025537395
     0.077907918      0.68556839   0.00045568382
     0.080144964      0.61779469  -0.00031714494
     0.082729279      0.55397628  -0.00022637352
     0.073229098       1.4331090   -0.0013993096
     0.071247991       1.3575808   0.00069355699
     0.069695040       1.2782149  -0.00076144302
     0.068599329       1.1957779  -0.00032221689
     0.067982971       1.1112598  -0.00087860361
     0.067859027       1.0258175  -0.00062059543
     0.068230182      0.94068546  -0.00085462341
     0.069088457      0.85707195   0.00051498521
     0.070416043      0.77605976    0.0024024410
     0.072187050      0.69853212   0.00022072327
     0.074369807      0.62513375  -0.00024608284
     0.076929273      0.55626735   -0.0019326143
     0.069815724       1.4987524  -0.00053343817
     0.067485831       1.4213068  -0.00096943710
     0.065588004       1.3388581  -0.00037934363
     0.064160597       1.2521259  -0.00048559345
     0.063235473       1.1621585   0.00042651010
     0.062834822       1.0702875   4.3899023e-05
     0.062968656      0.97802605   0.00091573957
     0.063633602      0.88692602   -0.0012392213
     0.064813316      0.79842569   0.00012984365
     0.066480399      0.71372438  -0.00063705078
     0.068599329      0.63370805  -0.00049813961
     0.071129737      0.55893204    0.0010156192
      0.12313197     0.011782113  -0.00090438694
      0.12333690     0.058845276  -0.00087045581
      0.12381377      0.10564909  -8.9284564e-05
      0.12455944      0.15199320  -0.00098006275
      0.12556912      0.19768900  -0.00048637177
      0.12683652      0.24256387  -0.00051459491
      0.12835399      0.28646447  -0.00062356995
      0.13011279      0.32925896  -0.00030786815
      0.13210329      0.37083817   -0.0014388987
      0.13431517      0.41111575  -4.4678742e-06
      0.13673769      0.45002751  -0.00063257689
      0.13935988      0.48753003  -2.1143818e-05
      0.12815708    -0.011320110  -0.00026377822
      0.12822275     0.033948732   0.00072089063
      0.12855060     0.079078902  -7.1450176e-05
      0.12913864      0.12388878   -0.0014545867
      0.12998333      0.16820442   0.00011461884
      0.13107971      0.21186340   0.00019062980
      0.13242153      0.25471802   -0.0016430397
      0.13400142      0.29663770    0.0029950936
      0.13581107      0.33751056  -0.00065169118
      0.13784142      0.37724418  -0.00016602375
      0.14008289      0.41576552   -0.0012981166
      0.14252552      0.45302025   0.00012984382
      0.13324541    -0.032668577   0.00080361368
      0.13318222     0.010892970   0.00034587196
      0.13337171     0.054413241  -0.00022797444
      0.13381282     0.097728290  -0.00031885850
      0.13450306      0.14067878   0.00040546894
      0.13543864      0.18311337  -0.00046855539
      0.13661451      0.22489173  -0.00042706976
      0.13802452      0.26588693   0.00069252033
      0.13966159      0.30598723   0.00028152669
      0.14151784      0.34509715   0.00034475172
      0.14358476      0.38313795   0.00030463104
      0.14585341      0.42004744   0.00077591400
      0.13838999    -0.052438271   0.00033832185
      0.13820737    -0.010496892   0.00037325504
      0.13826827     0.031481429  -0.00069371893
      0.13857236     0.073349118  -0.00035646758
      0.13911804      0.11496092  -0.00086048832
      0.13990249      0.15617687  -0.00048414104
      0.14092172      0.19686500   0.00058757786
      0.14217068      0.23690364  -0.00016017251
      0.14364338      0.27618326    0.0012919665
      0.14533302      0.31460775  -0.00021276585
      0.14723213      0.35209522  -0.00026908559
      0.14933271      0.38857818    0.0049120454
      0.14358476    -0.070784208   0.00033967399
      0.14329131    -0.030377509  -9.6250936e-05
      0.14323255     0.010128606  -0.00059383043
      0.14340877     0.050601528  -0.00013346393
      0.14381909     0.090909298   0.00013791933
      0.14446154      0.13092317   -0.0034040786
      0.14533302      0.17051999  -0.00022656846
      0.14642945      0.20958439   0.00066212307
      0.14774583      0.24801052   0.00012134936
      0.14927633      0.28570347  -0.00023310098
      0.15101444      0.32258020  -0.00050584577
      0.15295308      0.35857009   0.00042421709
      0.14882449    -0.087843731   0.00020552621
      0.14842800    -0.048889001   0.00061158887
      0.14825775   -0.0097852855  -0.00042693989
      0.14831452     0.029348364  -0.00059956351
      0.14859805     0.068392349   0.00065334262
      0.14910705      0.10722870  -0.00038960964
      0.14983921      0.14574321   0.00029112394
      0.15079129      0.18382732  -0.00041997039
      0.15195916      0.22137988   0.00050700375
      0.15333787      0.25830849  -0.00047311267
      0.15492181      0.29453058   3.9605989e-05
      0.15670476      0.32997409  -0.00021537009
      0.15410457     -0.10373860  -0.00025771357
      0.15361213    -0.066156624  -0.00027230692
      0.15333787    -0.028386648  -0.00075832698
      0.15328296    0.0094644759   0.00055039284
      0.15344764     0.047288512  -0.00096988453
      0.15383119     0.084977687    0.0012145906
      0.15443199      0.12242652  -0.00036459249
      0.15524751      0.15953355    0.0022260549
      0.15627440      0.19620290   0.00065748105
      0.15750851      0.23234564    0.0021985245
      0.15894503      0.26788084   -0.0015479053
      0.16057853      0.30273639  -0.00062004805
      0.15942100     -0.11857688  -6.0024283e-05
      0.15883907    -0.082292343  -0.00045291803
      0.15846764    -0.045789421  -0.00036232620
      0.15830819   -0.0091640334   2.6938718e-05
      0.15836136     0.027485946    0.0055596109
      0.15862693     0.064062249   0.00031374827
      0.15910385      0.10046779    0.0020932177
      0.15979021      0.13660817   -0.0013177918
      0.16068334      0.17239315  -0.00047289669
      0.16177981      0.20773786  -0.00012278516
      0.16307552      0.24256387    0.0016144749
      0.16456577      0.27680008  -0.00057200413
      0.16477026     -0.13245460   -0.0011519939
      0.16410473    -0.097396289   -0.0013378154
      0.16364239    -0.062096246  -0.00010053240
      0.16338496    -0.026640631  -0.00056881153
      0.16333343    0.0088820783  -0.00068890303
      0.16348798     0.044382395  -0.00024567038
      0.16384803     0.079771168  -0.00016771308
      0.16441223      0.11496092  -0.00073442990
      0.16517849      0.14986712    0.0059850029
      0.16614400      0.18440933   -0.0024598391
      0.16730534      0.21851225  -0.00041424204
      0.16865843      0.25210656    0.0013348996
      0.17014926     -0.14545725   -0.0020346788
      0.16940548     -0.11155808   4.7943756e-05
      0.16885797    -0.077399583  -0.00061562673
      0.16850863    -0.043059209   0.00049848644
      0.16835869   -0.0086169549  -0.00012368632
      0.16840868     0.025845748   5.4446387e-05
      0.16865843     0.060247178    0.0016564948
      0.16910706     0.094506481   0.00099455749
      0.16975298      0.12854480    0.0010824557
      0.17059396      0.16228632   -0.0011624334
      0.17162713      0.19565926  -0.00031919265
      0.17284904      0.22859663   -0.0019776258
      0.17555525     -0.15766106   0.00048109950
      0.17473815     -0.12485803   0.00012766843
      0.17411073    -0.091782748   -0.0026628630
      0.17367503    -0.058504924    0.0024425198
      0.17343250    -0.025096915  -0.00055875755
      0.17338395    0.0083671999    0.0025065788
      0.17352955     0.041812592   -0.0029385738
      0.17386881     0.075164683   -0.0033695455
      0.17440059      0.10835014   0.00063044033
      0.17512315      0.14129781   -0.0018529437
      0.17603413      0.17393963  -0.00074472357
      0.17713063      0.20621137   -0.0014070614
      0.18098583     -0.16913413   -0.0010318335
      0.18009990     -0.13736818   0.00095228189
      0.17939739     -0.10532086   0.00020911255
      0.17888046    -0.073055002   -0.0020069514
      0.17855073    -0.040636088  -7.6994559e-05
      0.17840922   -0.0081315147  -0.00042386680
      0.17845640     0.024390244  -0.00065622149
      0.17869211     0.056860499  -0.00098210952
      0.17911561     0.089211211  -0.00044143318
      0.17972557      0.12137584  -0.00053305650
      0.18052009      0.15329013  -0.00015479674
      0.18149677      0.18489287  -0.00013182376
      0.11810689     0.012283430  -0.00043075286
      0.11308184    -0.012829302    0.0011014970
      0.10813470    -0.040258488  -0.00098354178
      0.10327668    -0.070292567  -6.1190425e-05
     0.098520957     -0.10325841  -0.00069577854
     0.093883075     -0.13952408  -0.00038552861
     0.089381384     -0.17949992   0.00023058383
     0.085037513     -0.22363662  -2.2523114e-05
     0.080876896     -0.27241795   -0.0019149092
     0.076929273     -0.32634551   -0.0010743211
     0.073229098     -0.38591144  -0.00045407355
     0.069815724     -0.45155489  -0.00063196865
      0.11832053     0.061343181  -0.00064317718
      0.11315626     0.038471027   -0.0016684351
      0.10805682     0.013425944  -0.00018856011
      0.10303185    -0.014080783   -0.0012429938
     0.098092789    -0.044382395  -0.00065032448
     0.093253282    -0.077862575   0.00026475204
     0.088529662     -0.11496092    0.0011199375
     0.083941494     -0.15617687   -0.0010825912
     0.079512230     -0.20207021   3.3477044e-06
     0.075269928     -0.25325514   1.5274991e-07
     0.071247991     -0.31038327  -0.00045367474
     0.067485831     -0.37410926    0.0012523421
      0.11881752      0.11010928  -7.4628100e-05
      0.11352763     0.089569739  -0.00063075150
      0.10829029     0.067033168  -0.00046731562
      0.10311353     0.042220038  -0.00027228173
     0.098006931     0.014802772   2.9531674e-05
     0.092982065    -0.015602795   0.00042811246
     0.088052924    -0.049446828   0.00025121266
     0.083236514    -0.087255199   4.8721991e-05
     0.078553575     -0.12963826   0.00015978740
     0.074029439     -0.17729630   0.00013497983
     0.069695040     -0.23101738    0.0017428947
     0.065588004     -0.29166058  -0.00015883273
      0.11959435      0.15835555   0.00076419805
      0.11419305      0.14020411    0.0012021067
      0.10883310      0.12025766  -0.00061738151
      0.10352093     0.098254589   -0.0019189377
     0.098264280     0.073884528  -0.00081229256
     0.093072559     0.046778034   0.00074008360
     0.087957266     0.016494226  -0.00031431898
     0.082932545    -0.017493678  -0.00012814810
     0.078015899    -0.055814575   -0.0015943163
     0.073229098    -0.099216305  -0.00050438257
     0.068599329     -0.14858030  -0.00016461700
     0.064160597     -0.20492838  -0.00061030864
      0.12064559      0.20587022   0.00011310547
      0.11514743      0.19012560  -0.00027636415
      0.10968067      0.17280683   0.00038017366
      0.10425025      0.15367752   -0.0022898462
     0.098862156      0.13245460  -0.00067515154
     0.093523713      0.10879712   -0.0032795501
     0.088243928     0.082292343   0.00031863213
     0.083033992     0.052438271  -0.00088984263
     0.077907918     0.018622049    0.0026657329
     0.072883404    -0.019906000  -0.00017926366
     0.067982971    -0.064062249   0.00028406957
     0.063235473     -0.11496092   0.00089658880
      0.12196416      0.25246098   0.00023014376
      0.11638365      0.23910670    0.0010563262
      0.11082599      0.22441020  -0.00043795497
      0.10529478      0.20816584    0.0013363870
     0.099794439      0.19012560  -0.00033041616
     0.094330353      0.16998820  -0.00076719734
     0.088909212      0.14738496    0.0013502862
     0.083539377      0.12186141   0.00027107704
     0.078231413     0.092853236   0.00024333939
     0.072998817     0.059655024   -0.0020794336
     0.067859027     0.021380085    0.0021534889
     0.062834822    -0.023089906  -5.1248200e-05
      0.12354150      0.29795886  -0.00015371866
      0.11789286      0.28694627  -0.00044157357
      0.11225996      0.27482691  -5.1347234e-05
      0.10664528      0.26142929    0.0038304204
      0.10105187      0.24654558  -0.00036930519
     0.095483470      0.22992184   -0.0019533739
     0.089944717      0.21124503   3.0691699e-05
     0.084441448      0.19012560  -0.00060558621
     0.078981081      0.16607398  -0.00067749614
     0.073573167      0.13846859   -0.0039785538
     0.068230182      0.10651209  -0.00016315781
     0.062968656     0.069171499   -0.0014765335
      0.12536783      0.34222068    0.0016368496
      0.11966472      0.33347317    0.0010051631
      0.11397167      0.32385096   0.00033792261
      0.10829029      0.31321804   -0.0017769620
      0.10262251      0.30140915   -0.0022727996
     0.096970705      0.28822171   0.00016366968
     0.091337852      0.27340487  -0.00060646300
     0.085727684      0.25664466  -0.00017095299
     0.080144964      0.23754348  -0.00037683693
     0.074595855      0.21559143    0.0024822426
     0.069088457      0.19012560  -0.00085389269
     0.063633602      0.16027153  -0.00075434319
      0.12743246      0.38513018   0.00022221378
      0.12168776      0.37854811   0.00068473309
      0.11594884      0.37131413  -0.00083793895
      0.11021663      0.36332724   -0.0013571079
      0.10449222      0.35446464   0.00095026577
     0.098776967      0.34457561    0.0037778783
     0.093072559      0.33347317  -0.00017536879
     0.087381121      0.32092274   8.2228456e-06
     0.081705362      0.30662612    0.0012769351
     0.076048795      0.29019893  -0.00068301406
     0.070416043      0.27113779  -0.00010394359
     0.064813316      0.24877186  -0.00023492100
      0.12972401      0.42659793  -0.00026400369
      0.12394968      0.42206380   0.00027918099
      0.11817814      0.41708668   0.00023983768
      0.11240984      0.41159862   0.00061056896
      0.10664528      0.40551705  -0.00038623365
      0.10088512      0.39874075    0.0033561969
     0.095130154      0.39114418  -0.00056801254
     0.089381384      0.38256988   0.00039574814
     0.083640088      0.37281765  -0.00087456294
     0.077907918      0.36162916  -0.00019325773
     0.072187050      0.34866543  -0.00022984321
     0.066480399      0.33347317  -3.2124210e-05
      0.13223068      0.46656014    0.0025447046
      0.12643766      0.46394375  -0.00027111220
      0.12064559      0.46107613   -0.0011053206
      0.11485462      0.45791930   -0.0019695771
      0.10906491      0.45442728  -0.00015544134
      0.10327668      0.45054377  -9.0280860e-05
     0.097490195      0.44619919   -0.0015712701
     0.091705780      0.44130643  -0.00061100265
     0.085923857      0.43575504   -0.0015933582
     0.080144964      0.42940287   0.00019223617
     0.074369807      0.42206380  -0.00035054312
     0.068599329      0.41348950    0.0019154919
      0.13494047      0.50497673  -0.00037927621
      0.12913864      0.50413999  -0.00023293724
      0.12333690      0.50322453   0.00032223627
      0.11753528      0.50221869  -0.00020001346
      0.11173379      0.50110840   0.00038125743
      0.10593246      0.49987650   0.00010988277
      0.10013130      0.49850186   8.4312144e-05
     0.094330353      0.49695814  -0.00048903579
     0.088529662      0.49521213   0.00040869739
     0.082729279      0.49322127   0.00074109781
     0.076929273      0.49093020   -0.0015624456
     0.071129737      0.48826551  -0.00011827976
      0.12064559    -0.024051622   0.00028653287
      0.12577009    -0.046155219    0.0012478666
      0.13095120    -0.066519054   0.00021363801
      0.13618247    -0.085325698   0.00068658986
      0.14145834     -0.10273529   2.5129582e-05
      0.14677399     -0.11888845   0.00017713892
      0.15212526     -0.13390888   0.00049084437
      0.15750851     -0.14790557  -0.00044190757
      0.16292058     -0.16097476  -0.00040384498
      0.16835869     -0.17320164    0.0025181986
      0.17382038     -0.18466178  -0.00096916085
      0.17930351     -0.19542235   0.00022579785
      0.11573083    -0.050162255  -0.00015918330
      0.12092438    -0.072043881  -0.00067268759
      0.12617105    -0.092114622   0.00044989486
      0.13146448     -0.11057601   0.00035974427
      0.13679924     -0.12760295    0.0053226628
      0.14217068     -0.14334757   0.00019930800
      0.14757479     -0.15794247  -0.00046492781
      0.15300811     -0.17150355  -0.00021540739
      0.15846764     -0.18413242   -0.0014609079
      0.16395076     -0.19591835   -0.0012737166
      0.16945517     -0.20694005   -0.0013003796
      0.17497887     -0.21726707   -0.0012124017
      0.11090192    -0.078567520    0.0016260346
      0.11616645     -0.10007333   -0.0011551830
      0.12148004     -0.11970623   2.0141195e-05
      0.12683652     -0.13768733  -0.00050308687
      0.13223068     -0.15420639    0.0018068829
      0.13765808     -0.16942676    0.0012379568
      0.14311496     -0.18348949  -0.00014003160
      0.14859805     -0.19651685  -7.0224613e-05
      0.15410457     -0.20861514  -0.00022121199
      0.15963208     -0.21987715  -2.2226114e-05
      0.16517849     -0.23038409  -0.00017631413
      0.17074194     -0.24020735  -0.00042546884
      0.10617060     -0.10953135  -2.3112292e-05
      0.11150753     -0.13047058  -4.9114908e-05
      0.11688889     -0.14948952    0.0013555890
      0.12230879     -0.16682869  -0.00054540264
      0.12776234     -0.18269205  -0.00041950513
      0.13324541     -0.19725326  -6.5414624e-05
      0.13875449     -0.21066087  -0.00060680936
      0.14428661     -0.22304243  -0.00093426391
      0.14983921     -0.23450800  -0.00039783550
      0.15541010     -0.24515288  -0.00034785590
      0.16099738     -0.25505998   -0.0015223141
      0.16659940     -0.26430167   -0.0011691748
      0.10155049     -0.14334757   0.00049941351
      0.10696057     -0.16348497   -0.0026180610
      0.11240984     -0.18167678   0.00068055156
      0.11789286     -0.19818148    0.0022852241
      0.12340514     -0.21321551  -0.00033937030
      0.12894292     -0.22696108  -0.00038366825
      0.13450306     -0.23957243   0.00046806614
      0.14008289     -0.25118083   0.00043312911
      0.14568015     -0.26189855  -0.00067288150
      0.15129291     -0.27182213    0.0037884251
      0.15691950     -0.28103490  -0.00051844119
      0.16255848     -0.28960920   -0.0017532266
     0.097057480     -0.18034032   0.00026819670
      0.10254044     -0.19938764  -0.00022082534
      0.10805682     -0.21649590    0.0012467028
      0.11360176     -0.23193820   -0.0020945336
      0.11917125     -0.24594018  -0.00062501126
      0.12476203     -0.25868958  -0.00027798467
      0.13037134     -0.27034364  -0.00042519257
      0.13599690     -0.28103490    0.0016930140
      0.14163676     -0.29087578   -0.0016501829
      0.14728929     -0.29996216    0.0012754765
      0.15295308     -0.30837626  -2.6452879e-05
      0.15862693     -0.31618896   0.00026219800
     0.092710055     -0.22086238    0.0054241362
     0.098264280     -0.23846921  -0.00055109563
      0.10384570     -0.25418785  -0.00075210518
      0.10945016     -0.26829992   -0.0013422013
      0.11507430     -0.28103490    0.0033013314
      0.12071535     -0.29258139  -1.5443340e-05
      0.12637106     -0.30309566  -0.00050974551
      0.13203954     -0.31270816   -0.0010286431
      0.13771922     -0.32152856   -0.0017272240
      0.14340877     -0.32964968    0.0016717487
      0.14910705     -0.33715055   0.00055110564
      0.15481310     -0.34409885   -0.0012045896
     0.088529662     -0.26529029  -0.00063887727
     0.094151697     -0.28103490   0.00050704668
     0.099794439     -0.29500214   0.00041207522
      0.10545456     -0.30747226   -0.0033629159
      0.11112941     -0.31867040  -0.00023555267
      0.11681685     -0.32877930   0.00061742337
      0.12251511     -0.33794873    0.0036236903
      0.12822275     -0.34630247  -0.00029754277
      0.13393858     -0.35394373  -0.00086047082
      0.13966159     -0.36095912  -6.4659945e-07
      0.14539093     -0.36742190   0.00069786783
      0.15112589     -0.37339442   -0.0025245017
     0.084541084     -0.31401438  -0.00015714237
     0.090225065     -0.32739588  -3.9333396e-05
     0.095923286     -0.33918945   -0.0017764130
      0.10163335     -0.34965915    0.0020623643
      0.10735337     -0.35901409  -0.00051361853
      0.11308184     -0.36742190  -0.00010694213
      0.11881752     -0.37501847   0.00015832132
      0.12455944     -0.38191504    0.0010490003
      0.13030675     -0.38820352  -0.00095008717
      0.13605878     -0.39396051   -0.0017856149
      0.14181496     -0.39925032   5.3980143e-05
      0.14757479     -0.40412734  -0.00046075806
     0.080772740     -0.36742190  -0.00066789348
     0.086509708     -0.37785557   9.9648799e-05
     0.092254922     -0.38699060  -0.00032022619
     0.098006931     -0.39505398   0.00042780308
      0.10376461     -0.40222294   2.7333071e-05
      0.10952705     -0.40863786  -5.6029454e-05
      0.11529356     -0.41441129  -0.00021687926
      0.12106354     -0.41963456   7.7980865e-05
      0.12683652     -0.42438247   0.00048274513
      0.13261211     -0.42871690  -0.00035183159
      0.13838999     -0.43268948    0.0013552825
      0.14416987     -0.43634358  -0.00020077510
     0.077256866     -0.42587049    0.0017880680
     0.083033992     -0.43268948   -0.0015497481
     0.088814477     -0.43862109   7.9074932e-05
     0.094597705     -0.44382761  -0.00052710916
      0.10038320     -0.44843409  -0.00065703873
      0.10617060     -0.45253846   0.00023746633
      0.11195959     -0.45621843  -0.00067569956
      0.11774996     -0.45953653   -0.0010178311
      0.12354150     -0.46254355   -0.0022048158
      0.12933406     -0.46528124  -0.00066836979
      0.13512750     -0.46778420  -0.00058078458
      0.14092172     -0.47008135   0.00020459564
     0.074029439     -0.48965004  -0.00031383119
     0.079829224     -0.49211735   -0.0024182086
     0.085629428     -0.49425041  -0.00015934925
     0.091429973     -0.49611283  -8.4337364e-05
     0.097230797     -0.49775303  -0.00064461672
      0.10303185     -0.49920853   -0.0010473887
      0.10883310     -0.50050887  -0.00014761127
      0.11463452     -0.50167759  -4.7832447e-06
      0.12043608     -0.50273372    0.0011396805
      0.12623776     -0.50369278  -0.00031036966
      0.13203954     -0.50456755   -0.0011411560
      0.13784142     -0.50536868  -0.00066265897
      0.12064559      -1.0231459   0.00018766796
      0.11573083     -0.99703530    0.0023861074
      0.11090192     -0.96863003   -0.0019937214
      0.10617060     -0.93766620   0.00083436506
      0.10155049     -0.90384998  -0.00041396916
     0.097057480     -0.86685723   0.00050152173
     0.092710055     -0.82633517   0.00027340285
     0.088529662     -0.78190727   0.00044144123
     0.084541084     -0.73318317  -0.00039686855
     0.080772740     -0.67977565  -0.00057690854
     0.077256866     -0.62132707  -0.00012702105
     0.074029439     -0.55754751   9.7529066e-05
      0.12577009      -1.0010423  -0.00052407311
      0.12092438     -0.97515367   0.00066536339
      0.11616645     -0.94712422  -8.0398055e-05
      0.11150753     -0.91672697    0.0025142111
      0.10696057     -0.88371258  -8.1542441e-05
      0.10254044     -0.84780991   0.00057588495
     0.098264280     -0.80872834   0.00022302761
     0.094151697     -0.76616265   0.00059473885
     0.090225065     -0.71980168   2.4425854e-05
     0.086509708     -0.66934198   0.00037837778
     0.083033992     -0.61450807  -0.00027027677
     0.079829224     -0.55508020    0.0016377471
      0.13095120     -0.98067850   0.00011814446
      0.12617105     -0.95508293   0.00015287437
      0.12148004     -0.92749132    0.0018099911
      0.11688889     -0.89770804  -0.00033515421
      0.11240984     -0.86552078   0.00035762122
      0.10805682     -0.83070165    0.0013101448
      0.10384570     -0.79300970    0.0055905833
     0.099794439     -0.75219541   -0.0019695041
     0.095923286     -0.70800810  -1.0907774e-05
     0.092254922     -0.66020695  -0.00061092688
     0.088814477     -0.60857646  -0.00040184808
     0.085629428     -0.55294714  -0.00022391860
      0.13618247     -0.96187185  -0.00060479155
      0.13146448     -0.93662154  -0.00048305741
      0.12683652     -0.90951022   0.00062816163
      0.12230879     -0.88036886   0.00029038723
      0.11789286     -0.84901607  -0.00026926118
      0.11360176     -0.81525936  -0.00042881728
      0.10945016     -0.77889763  -0.00026392718
      0.10545456     -0.73972529    0.0010424777
      0.10163335     -0.69753840   9.1282240e-05
     0.098006931     -0.65214357   0.00092304195
     0.094597705     -0.60336994    0.0054165176
     0.091429973     -0.55108472   6.6695923e-05
      0.14145834     -0.94446226   0.00068161195
      0.13679924     -0.91959460   0.00040739935
      0.13223068     -0.89299116  -0.00057321779
      0.12776234     -0.86450551  -0.00045945496
      0.12340514     -0.83398204   -0.0012134807
      0.11917125     -0.80125737   0.00061299022
      0.11507430     -0.76616265  -0.00036059110
      0.11112941     -0.72852715   -0.0016228554
      0.10735337     -0.68818346  -0.00045818978
      0.10376461     -0.64497461  -0.00052077594
      0.10038320     -0.59876346   0.00046382004
     0.097230797     -0.54944452   -0.0015409300
      0.14677399     -0.92830910  -0.00038935523
      0.14217068     -0.90384998   -0.0010421375
      0.13765808     -0.87777079  -0.00094599639
      0.13324541     -0.84994429  -0.00027690355
      0.12894292     -0.82023647  -0.00048840844
      0.12476203     -0.78850797   -0.0013251779
      0.12071535     -0.75461616   0.00030160884
      0.11681685     -0.71841825    0.0011903106
      0.11308184     -0.67977565    0.0017428496
      0.10952705     -0.63855970   0.00066079030
      0.10617060     -0.59465910   -0.0012910178
      0.10303185     -0.54798902   0.00037166122
      0.15212526     -0.91328867  -0.00039901626
      0.14757479     -0.88925508  -0.00075590534
      0.14311496     -0.86370806   0.00060242698
      0.13875449     -0.83653668  -0.00015726275
      0.13450306     -0.80762512   0.00022169606
      0.13037134     -0.77685391   -0.0015316844
      0.12637106     -0.74410189   0.00043078219
      0.12251511     -0.70924883  -0.00018396759
      0.11881752     -0.67217908  -0.00076431932
      0.11529356     -0.63278626   0.00017210412
      0.11195959     -0.59097912  -7.3354567e-06
      0.10883310     -0.54668868  -1.5901259e-05
      0.15750851     -0.89929199   0.00040123785
      0.15300811     -0.87569400   0.00050901373
      0.14859805     -0.85068070  -0.00031125348
      0.14428661     -0.82415512    0.0011608266
      0.14008289     -0.79601672   7.5340796e-05
      0.13599690     -0.76616265  -0.00066927308
      0.13203954     -0.73448939  -0.00072473068
      0.12822275     -0.70089508   0.00048819907
      0.12455944     -0.66528251  -0.00040405105
      0.12106354     -0.62756299    0.0011052563
      0.11774996     -0.58766102    0.0038393396
      0.11463452     -0.54551996   -0.0012190643
      0.16292058     -0.88622279   -0.0011374487
      0.15846764     -0.86306513  -0.00066363990
      0.15410457     -0.83858241    0.0012536436
      0.14983921     -0.81268955    0.0034512275
      0.14568015     -0.78529900  -0.00021062947
      0.14163676     -0.75632177    0.0033201720
      0.13771922     -0.72566899  -0.00042754831
      0.13393858     -0.69325382  -0.00014405557
      0.13030675     -0.65899403  -6.8208213e-05
      0.12683652     -0.62281508  -0.00018052355
      0.12354150     -0.58465400  -0.00060482352
      0.12043608     -0.54446383   -0.0018862308
      0.16835869     -0.87399591   -0.0016385149
      0.16395076     -0.85127920   -0.0010274608
      0.15963208     -0.82732041  -0.00093768863
      0.15541010     -0.80204467   0.00013166256
      0.15129291     -0.77537543   0.00032736286
      0.14728929     -0.74723539  -0.00034507463
      0.14340877     -0.71754787  -0.00060000160
      0.13966159     -0.68623843  -0.00041019231
      0.13605878     -0.65323704   0.00056486803
      0.13261211     -0.61848065  -0.00029774279
      0.12933406     -0.58191631   0.00028096639
      0.12623776     -0.54350478   -0.0032375222
      0.17382038     -0.86253578   0.00027130720
      0.16945517     -0.84025751  -0.00058228590
      0.16517849     -0.81681346    0.0054764267
      0.16099738     -0.79213757    0.0021954498
      0.15691950     -0.76616265   0.00014689975
      0.15295308     -0.73882129   0.00049816328
      0.14910705     -0.71004701   -0.0012881063
      0.14539093     -0.67977565  -0.00042076974
      0.14181496     -0.64794723   -0.0011388339
      0.13838999     -0.61450807   0.00061323800
      0.13512750     -0.57941335   0.00037293746
      0.13203954     -0.54263000   0.00028004595
      0.17930351     -0.85177521   -0.0022128252
      0.17497887     -0.82993048   -0.0021190780
      0.17074194     -0.80699020  -0.00067816934
      0.16659940     -0.78289588  -0.00088248575
      0.16255848     -0.75758835    0.0029395509
      0.15862693     -0.73100859  -0.00067527844
      0.15481310     -0.70309870    0.0033000991
      0.15112589     -0.67380313   0.00069118756
      0.14757479     -0.64307021  -0.00052350882
      0.14416987     -0.61085397  -0.00060353348
      0.14092172     -0.57711621  -0.00070070855
      0.13784142     -0.54182887   -0.0018213724
      0.11810689      -1.0594810    0.0010077299
      0.11832053      -1.1085407  -0.00085716269
      0.11881752      -1.1573068  -0.00075727284
      0.11959435      -1.2055531  -0.00034490668
      0.12064559      -1.2530678  -0.00026085096
      0.12196416      -1.2996585  -0.00097530116
      0.12354150      -1.3451564  -0.00055041214
      0.12536783      -1.3894182  -0.00027181945
      0.12743246      -1.4323277  -0.00038757964
      0.12972401      -1.4737955   0.00013121673
      0.13223068      -1.5137577  -0.00010831794
      0.13494047      -1.5521743   0.00048256279
      0.11308184      -1.0343682   0.00063167556
      0.11315626      -1.0856686   0.00040679508
      0.11352763      -1.1367673  -0.00059357830
      0.11419305      -1.1874017   0.00038537929
      0.11514743      -1.2373232    0.0029291494
      0.11638365      -1.2863043   5.6480095e-05
      0.11789286      -1.3341438   0.00031832381
      0.11966472      -1.3806707   -0.0026301901
      0.12168776      -1.4257457   0.00075099524
      0.12394968      -1.4692613    0.0012958551
      0.12643766      -1.5111413   -0.0017928835
      0.12913864      -1.5513375  -0.00018060524
      0.10813470      -1.0069391    0.0016137998
      0.10805682      -1.0606235  -0.00023626207
      0.10829029      -1.1142307   -0.0010543551
      0.10883310      -1.1674552  -0.00043087181
      0.10968067      -1.2200044  -0.00017406015
      0.11082599      -1.2716078  -0.00049085012
      0.11225996      -1.3220245   -0.0012417023
      0.11397167      -1.3710485  -0.00033470881
      0.11594884      -1.4185117   -0.0015750574
      0.11817814      -1.4642842  -0.00024467014
      0.12064559      -1.5082737   0.00022256207
      0.12333690      -1.5504221  -0.00048552079
      0.10327668     -0.97690498    0.0011800676
      0.10303185      -1.0331168   -0.0013072278
      0.10311353      -1.0894176  -0.00018945989
      0.10352093      -1.1454521   -0.0010044996
      0.10425025      -1.2008751   0.00082398161
      0.10529478      -1.2553634  -0.00014455085
      0.10664528      -1.3086268   -0.0012583134
      0.10829029      -1.3604156  -0.00011752505
      0.11021663      -1.4105248    0.0013121363
      0.11240984      -1.4587962  -0.00040991224
      0.11485462      -1.5051169   0.00043096925
      0.11753528      -1.5494162  -0.00061392562
     0.098520957     -0.94393914  -0.00061214421
     0.098092789      -1.0028152  -0.00066757382
     0.098006931      -1.0620003   -0.0015763925
     0.098264280      -1.1210821   0.00099265031
     0.098862156      -1.1796521   -0.0021766582
     0.099794439      -1.2373232  -0.00050621050
      0.10105187      -1.2937431   1.4016514e-05
      0.10262251      -1.3486067   0.00045263613
      0.10449222      -1.4016622   0.00052679659
      0.10664528      -1.4527146   -0.0016168474
      0.10906491      -1.5016248   3.8389003e-06
      0.11173379      -1.5483060  -0.00036735386
     0.093883075     -0.90767348   -0.0012671352
     0.093253282     -0.96933498   7.5276932e-05
     0.092982065      -1.0315948   0.00015565403
     0.093072559      -1.0939756   -0.0016346216
     0.093523713      -1.1559947  -0.00076791275
     0.094330353      -1.2171858    0.0018523132
     0.095483470      -1.2771194    0.0032245458
     0.096970705      -1.3354193   -0.0017404558
     0.098776967      -1.3917732  -0.00053527974
      0.10088512      -1.4459383  -0.00037409835
      0.10327668      -1.4977413   -0.0012282288
      0.10593246      -1.5470741  -0.00034553537
     0.089381384     -0.86769763   4.3375546e-05
     0.088529662     -0.93223663    0.0017361769
     0.088052924     -0.99775072  -0.00048831849
     0.087957266      -1.0636918   0.00035199245
     0.088243928      -1.1294899   0.00041753055
     0.088909212      -1.1945825   2.8340938e-05
     0.089944717      -1.2584426   -0.0022423808
     0.091337852      -1.3206024    0.0022902663
     0.093072559      -1.3806707  -0.00065505688
     0.095130154      -1.4383417  -0.00096347710
     0.097490195      -1.4933967  -0.00037286756
      0.10013130      -1.5456994    0.0019511981
     0.085037513     -0.82356093   0.00059228060
     0.083941494     -0.89102068   -0.0010361359
     0.083236514     -0.95994235    0.0015710260
     0.082932545      -1.0297039   0.00065199344
     0.083033992      -1.0996358  -0.00050705275
     0.083539377      -1.1690590  -0.00023577691
     0.084441448      -1.2373232  -0.00039823497
     0.085727684      -1.3038422  -6.4537990e-05
     0.087381121      -1.3681203  -0.00052425317
     0.089381384      -1.4297674    0.0021684657
     0.091705780      -1.4885040   0.00058479017
     0.094330353      -1.5441557   -0.0019015466
     0.080876896     -0.77477960  -0.00011283144
     0.079512230     -0.84512734    0.0017753514
     0.078553575     -0.91755929   4.5362665e-05
     0.078015899     -0.99138298   0.00034577267
     0.077907918      -1.0658196  -0.00063062773
     0.078231413      -1.1400508  -0.00030544873
     0.078981081      -1.2132715  -0.00045176328
     0.080144964      -1.2847410   0.00041600391
     0.081705362      -1.3538237    0.0018445416
     0.083640088      -1.4200152   0.00090432697
     0.085923857      -1.4829526   8.5466411e-05
     0.088529662      -1.5424097   0.00045578485
     0.076929273     -0.72085204   -0.0012185846
     0.075269928     -0.79394241  -1.1902838e-05
     0.074029439     -0.86990125   0.00050722065
     0.073229098     -0.94798125   0.00033564636
     0.072883404      -1.0272916   0.00055849801
     0.072998817      -1.1068526   -0.0012444366
     0.073573167      -1.1856661   -0.0010422461
     0.074595855      -1.2627890   0.00064121052
     0.076048795      -1.3373965  -0.00028233628
     0.077907918      -1.4088267  -0.00050590827
     0.080144964      -1.4766004    0.0017030856
     0.082729279      -1.5404188   0.00062180487
     0.073229098     -0.66128611   -0.0031604848
     0.071247991     -0.73681429   -0.0014152624
     0.069695040     -0.81618017   -0.0012638727
     0.068599329     -0.89861725  -0.00099326857
     0.067982971     -0.98313530    0.0021297634
     0.067859027      -1.0685776   -0.0019103979
     0.068230182      -1.1537096   0.00011379367
     0.069088457      -1.2373232   0.00019952629
     0.070416043      -1.3183353  -4.2812733e-05
     0.072187050      -1.3958630  -0.00049909743
     0.074369807      -1.4692613   -0.0014176552
     0.076929273      -1.5381277   0.00068113576
     0.069815724     -0.59564266  -0.00050139081
     0.067485831     -0.67308829  -0.00037953652
     0.065588004     -0.75553697    0.0029028322
     0.064160597     -0.84226918  -0.00043220195
     0.063235473     -0.93223663   0.00061967624
     0.062834822      -1.0241076  -0.00010026290
     0.062968656      -1.1163691  -0.00061088345
     0.063633602      -1.2074691  -3.7047520e-06
     0.064813316      -1.2959694   -0.0038089490
     0.066480399      -1.3806707  -0.00058019925
     0.068599329      -1.4606871  -9.2450584e-05
     0.071129737      -1.5354631   0.00077137706
      0.12313197      -1.0589797  -0.00011272306
      0.12815708      -1.0358774   0.00010153558
      0.13324541      -1.0145290  -0.00032785138
      0.13838999     -0.99475928    0.0018820161
      0.14358476     -0.97641334   0.00064269545
      0.14882449     -0.95935382   0.00016392758
      0.15410457     -0.94345895  -5.0934838e-06
      0.15942100     -0.92862067  -0.00026065602
      0.16477026     -0.91474295    0.0059358053
      0.17014926     -0.90174030   0.00036411792
      0.17555525     -0.88953649  -0.00039295346
      0.18098583     -0.87806342   0.00019835318
      0.12333690      -1.1060428  -0.00075570526
      0.12822275      -1.0811463  -7.5772177e-05
      0.13318222      -1.0580905   0.00082888707
      0.13820737      -1.0367007  -0.00028417159
      0.14329131      -1.0168200    0.0017757429
      0.14842800     -0.99830855   0.00054359078
      0.15361213     -0.98104093   0.00020921096
      0.15883907     -0.96490521    0.0020850298
      0.16410473     -0.94980126  -0.00051983963
      0.16940548     -0.93563947   0.00088587423
      0.17473815     -0.92233952  -0.00047039153
      0.18009990     -0.90982937   0.00037449062
      0.12381377      -1.1528466  -0.00046073343
      0.12855060      -1.1262765   0.00044245782
      0.13337171      -1.1016108  -0.00030142984
      0.13826827      -1.0786790   0.00045160157
      0.14323255      -1.0573262   0.00038916472
      0.14825775      -1.0374123   0.00055870252
      0.15333787      -1.0188109  -0.00045149860
      0.15846764      -1.0014081  -0.00047960075
      0.16364239     -0.98510130  -0.00036014195
      0.16885797     -0.96979797   -0.0016449879
      0.17411073     -0.95541480  -0.00071220471
      0.17939739     -0.94187669   -0.0025407100
      0.12455944      -1.1991907  -0.00016431307
      0.12913864      -1.1710863  -0.00045968484
      0.13381282      -1.1449258   0.00081884651
      0.13857236      -1.1205467  -0.00021666072
      0.14340877      -1.0977991  -5.0967928e-05
      0.14831452      -1.0765459  -0.00015124690
      0.15328296      -1.0566620   0.00083662365
      0.15830819      -1.0380335   0.00093448446
      0.16338496      -1.0205569    0.0021049425
      0.16850863      -1.0041383  -6.3610968e-05
      0.17367503     -0.98869263    0.0020491369
      0.17888046     -0.97414255   0.00030968504
      0.12556912      -1.2448866   0.00063798747
      0.12998333      -1.2154020  -0.00076834306
      0.13450306      -1.1878763   0.00055604919
      0.13911804      -1.1621585   0.00058891604
      0.14381909      -1.1381068   1.6689737e-05
      0.14859805      -1.1155899   0.00051168626
      0.15344764      -1.0944861   -0.0015302506
      0.15836136      -1.0746835   -0.0035880224
      0.16333343      -1.0560796   -0.0039405614
      0.16835869      -1.0385806  -0.00035311283
      0.17343250      -1.0221006   0.00023422653
      0.17855073      -1.0065615    0.0013462994
      0.12683652      -1.2897614  -0.00098134647
      0.13107971      -1.2590610  -0.00013156216
      0.13543864      -1.2303109   0.00091054839
      0.13990249      -1.2033744    0.0018389204
      0.14446154      -1.1781207  -0.00030746991
      0.14910705      -1.1544263   0.00049142246
      0.15383119      -1.1321752  -0.00061303246
      0.15862693      -1.1112598  -0.00023314403
      0.16348798      -1.0915799    0.0018426261
      0.16840868      -1.0730433   0.00036576879
      0.17338395      -1.0555648   -0.0012434139
      0.17840922      -1.0390660   -0.0017884799
      0.12835399      -1.3336620   -0.0039808048
      0.13242153      -1.3019156    0.0017342383
      0.13661451      -1.2720893   0.00010515857
      0.14092172      -1.2440625   0.00068406723
      0.14533302      -1.2177175  -0.00078968689
      0.14983921      -1.1929408   0.00037870810
      0.15443199      -1.1696241   -0.0016870331
      0.15910385      -1.1476653  -0.00030734958
      0.16384803      -1.1269687  -0.00015443889
      0.16865843      -1.1074447  -0.00056459945
      0.17352955      -1.0890101  -0.00028462233
      0.17845640      -1.0715878   -0.0014513793
      0.13011279      -1.3764565    0.0022537141
      0.13400142      -1.3438352  -0.00044208136
      0.13802452      -1.3130845  -5.3904842e-06
      0.14217068      -1.2841012    0.0013722916
      0.14642945      -1.2567819    0.0024659064
      0.15079129      -1.2310249    0.0044347913
      0.15524751      -1.2067311    0.0028101270
      0.15979021      -1.1838057  -0.00026480910
      0.16441223      -1.1621585  -0.00064496477
      0.16910706      -1.1417040  -0.00060139698
      0.17386881      -1.1223622  -1.6808064e-05
      0.17869211      -1.1040581  -6.4966352e-05
      0.13210329      -1.4180357  -0.00099592586
      0.13581107      -1.3847081  -0.00048705418
      0.13966159      -1.3531848    0.0011902059
      0.14364338      -1.3233808  -3.2992428e-05
      0.14774583      -1.2952081  -0.00065970824
      0.15195916      -1.2685774  -0.00025809391
      0.15627440      -1.2434005    0.0012368476
      0.16068334      -1.2195907  -0.00059471601
      0.16517849      -1.1970647   0.00075310697
      0.16975298      -1.1757423  -0.00030643590
      0.17440059      -1.1555477    0.0017200313
      0.17911561      -1.1364088   0.00014138335
      0.13431517      -1.4583133  -0.00061394871
      0.13784142      -1.4244417  -0.00020483828
      0.14151784      -1.3922947    0.0012982633
      0.14533302      -1.3618053   0.00091389649
      0.14927633      -1.3329010  -0.00055984985
      0.15333787      -1.3055060   -0.0011922738
      0.15750851      -1.2795432  -0.00046285563
      0.16177981      -1.2549354   0.00046991768
      0.16614400      -1.2316069  -0.00012906732
      0.17059396      -1.2094839  -0.00047968418
      0.17512315      -1.1884954  -2.0132026e-05
      0.17972557      -1.1685734   0.00013012702
      0.13673769      -1.4972251  -0.00028142629
      0.14008289      -1.4629631   0.00040841943
      0.14358476      -1.4303355  -4.8017013e-05
      0.14723213      -1.3992928   -0.0017318628
      0.15101444      -1.3697778    0.0014061090
      0.15492181      -1.3417281    0.0024175386
      0.15894503      -1.3150784  -0.00094115995
      0.16307552      -1.2897614  -0.00030933427
      0.16730534      -1.2657098    0.0013183583
      0.17162713      -1.2428568   4.6437189e-05
      0.17603413      -1.2211372   0.00060159500
      0.18052009      -1.2004877   -0.0019455181
      0.13935988      -1.5347276   0.00060715328
      0.14252552      -1.5002178   0.00084153071
      0.14585341      -1.4672450   -0.0012184846
      0.14933271      -1.4357757   0.00050194295
      0.15295308      -1.4057676  -0.00060525273
      0.15670476      -1.3771716   0.00020409607
      0.16057853      -1.3499339   -0.0010963123
      0.16456577      -1.3239976  -0.00052736444
      0.16865843      -1.2993041    0.0010491824
      0.17284904      -1.2757942  -0.00054254471
      0.17713063      -1.2534089   -0.0015609301
      0.18149677      -1.2320904   -0.0017032387
