    0.0029014425      0.52359878    -0.019055962
    0.0076764953       1.2373232    -0.019057076
     0.013296080       1.3806707    -0.019110641
     0.019026031       1.4383417    -0.019230805
     0.024789936       1.4692613    -0.019435604
     0.030568593       1.4885040    -0.019748356
     0.036354970       1.5016248    -0.020200279
     0.042145887       1.5111413    -0.020835428
     0.047939698       1.5183581    -0.021720100
     0.053735467       1.5240183    -0.022961493
     0.059532623       1.5285763    -0.024746708
     0.065330796       1.5323253    -0.027406703
    0.0076764953     -0.19012560    -0.019338167
    0.0087043275      0.52359878    -0.019387996
     0.012647095      0.93223663    -0.019479912
     0.017648786       1.1294899    -0.019621003
     0.023029486       1.2373232    -0.019821161
     0.028575895       1.3038422    -0.020094550
     0.034207502       1.3486067    -0.020461939
     0.039888240       1.3806707    -0.020953909
     0.045599748       1.4047223    -0.021614780
     0.051331758       1.4234114    -0.022505831
     0.057078092       1.4383417    -0.023695485
     0.062834822       1.4505387    -0.025138979
     0.013296080     -0.33347317    -0.019533435
     0.012647095      0.11496092    -0.019632935
     0.014507212      0.52359878    -0.019768657
     0.018119503      0.80463368    -0.019941594
     0.022660990      0.98313530    -0.020154002
     0.027677997       1.0996358    -0.020410679
     0.032954052       1.1796521    -0.020721176
     0.038382476       1.2373232    -0.021102332
     0.043906792       1.2805974    -0.021579574
     0.049494901       1.3141517    -0.022183747
     0.055127407       1.3408745    -0.022933936
     0.060791971       1.3626305    -0.023775200
     0.019026031     -0.39114418    -0.019643165
     0.017648786    -0.082292343    -0.019794877
     0.018119503      0.24256387    -0.019981272
     0.020310097      0.52359878    -0.020198588
     0.023749330      0.73681429    -0.020442626
     0.027980498      0.89102068    -0.020709461
     0.032697596       1.0028152    -0.020997636
     0.037718752       1.0856686    -0.021311327
     0.042937428       1.1487325    -0.021662399
     0.048289627       1.1979787    -0.022067848
     0.053735467       1.2373232    -0.022537699
     0.059249132       1.2693872    -0.023046249
     0.024789936     -0.42206380    -0.019663188
     0.023029486     -0.19012560    -0.019870677
     0.022660990     0.064062249    -0.020115083
     0.023749330      0.31038327    -0.020389544
     0.026112982      0.52359878    -0.020685352
     0.029446425      0.69510233    -0.020991341
     0.033461067      0.82868530    -0.021295397
     0.037941284      0.93223663    -0.021588593
     0.042740917       1.0132488    -0.021870231
     0.047763772       1.0775751    -0.022149368
     0.052946357       1.1294899    -0.022438021
     0.058246052       1.1720556    -0.022734550
     0.030568593     -0.44130643    -0.019584136
     0.028575895     -0.25664466    -0.019852061
     0.027677997    -0.052438271    -0.020161746
     0.027980498      0.15617687    -0.020504936
     0.029446425      0.35209522    -0.020871256
     0.031915867      0.52359878    -0.021245329
     0.035178121      0.66694634    -0.021605905
     0.039034916      0.78401695    -0.021929362
     0.043327776      0.87899313    -0.022198368
     0.047939698      0.95628825    -0.022411081
     0.052787119       1.0197116    -0.022581641
     0.057810832       1.0722945    -0.022727545
     0.036354970     -0.45442728    -0.019391049
     0.034207502     -0.30140915    -0.019726367
     0.032954052     -0.13245460    -0.020108987
     0.032697596     0.044382395    -0.020530327
     0.033461067      0.21851225    -0.020981802
     0.035178121      0.38025121    -0.021449039
     0.037718752      0.52359878    -0.021906648
     0.040929883      0.64669121    -0.022316909
     0.044667139      0.75055985    -0.022638282
     0.048809818      0.83761316    -0.022845356
     0.053263404      0.91058938    -0.022945912
     0.057956268      0.97203287    -0.022974477
     0.042145887     -0.46394375    -0.019061628
     0.039888240     -0.33347317    -0.019476746
     0.038382476     -0.19012560    -0.019942632
     0.037718752    -0.038471027    -0.020449805
     0.037941284      0.11496092    -0.020994626
     0.039034916      0.26318061    -0.021570452
     0.040929883      0.40050634    -0.022157829
     0.043521637      0.52359878    -0.022714106
     0.046694298      0.63143204    -0.023170265
     0.050338146      0.72461735    -0.023453475
     0.054358508      0.80463368    -0.023537557
     0.058678043      0.87325792    -0.023468140
     0.047939698     -0.47116050    -0.018562110
     0.045599748     -0.35752479    -0.019081553
     0.043906792     -0.23339984    -0.019648815
     0.042937428     -0.10153498    -0.020250559
     0.042740917     0.033948732    -0.020890361
     0.043327776      0.16820442    -0.021575240
     0.044667139      0.29663770    -0.022303969
     0.046694298      0.41576552    -0.023050380
     0.049324522      0.52359878    -0.023738082
     0.052467195      0.61952847    -0.024228286
     0.056036162      0.70393909    -0.024391008
     0.059955345      0.77778663    -0.024242928
     0.053735467     -0.47682074    -0.017839008
     0.051331758     -0.37621381    -0.018513641
     0.049494901     -0.26695412    -0.019217008
     0.048289627     -0.15078113    -0.019928056
     0.047763772    -0.030377509    -0.020661146
     0.047939698     0.090909298    -0.021440706
     0.048809818      0.20958439    -0.022290742
     0.050338146      0.32258020    -0.023223125
     0.052467195      0.42766908    -0.024206615
     0.055127407      0.52359878    -0.025091719
     0.058246052      0.60998578    -0.025554232
     0.061753712      0.68708375    -0.025388162
     0.059532623     -0.48137874    -0.016804657
     0.057078092     -0.39114418    -0.017745630
     0.055127407     -0.29367693    -0.018648067
     0.053735467     -0.19012560    -0.019492497
     0.052946357    -0.082292343    -0.020317688
     0.052787119     0.027485946    -0.021169685
     0.053263404      0.13660817    -0.022095765
     0.054358508      0.24256387    -0.023145583
     0.056036162      0.34325846    -0.024365243
     0.058246052      0.43721177    -0.025745061
     0.060930292      0.52359878    -0.026963377
     0.064029255      0.60216630    -0.027083686
     0.065330796     -0.48512775    -0.015335922
     0.062834822     -0.40334111    -0.016795748
     0.060791971     -0.31543293    -0.017980815
     0.059249132     -0.22218963    -0.018980419
     0.058246052     -0.12485803    -0.019893530
     0.057810832    -0.025096915    -0.020794474
     0.057956268     0.075164683    -0.021747195
     0.058678043      0.17393963    -0.022819008
     0.059955345      0.26941092    -0.024095551
     0.061753712      0.36011380    -0.025699716
     0.064029255      0.44503126    -0.027781861
     0.066733177      0.52359878    -0.029605810
    0.0029014425       2.6179939    -0.018723069
    0.0076764953      -2.9514671    -0.018456001
     0.013296080      -2.8081195    -0.018264698
     0.019026031      -2.7504485    -0.018168352
     0.024789936      -2.7195289    -0.018189717
     0.030568593      -2.7002862    -0.018355048
     0.036354970      -2.6871654    -0.018695145
     0.042145887      -2.6776489    -0.019248600
     0.047939698      -2.6704321    -0.020068402
     0.053735467      -2.6647719    -0.021230839
     0.059532623      -2.6602139    -0.022821585
     0.065330796      -2.6564649    -0.024552116
    0.0076764953       1.9042695    -0.018647260
    0.0087043275       2.6179939    -0.018268330
     0.012647095       3.0266317    -0.017957364
     0.017648786      -3.0593003    -0.017736902
     0.023029486      -2.9514671    -0.017633403
     0.028575895      -2.8849480    -0.017675659
     0.034207502      -2.8401835    -0.017892961
     0.039888240      -2.8081195    -0.018313828
     0.045599748      -2.7840679    -0.018965232
     0.051331758      -2.7653788    -0.019867364
     0.057078092      -2.7504485    -0.020999780
     0.062834822      -2.7382515    -0.022150991
     0.013296080       1.7609219    -0.018629366
     0.012647095       2.2093560    -0.018130666
     0.014507212       2.6179939    -0.017685004
     0.018119503       2.8990288    -0.017318225
     0.022660990       3.0775304    -0.017061683
     0.027677997      -3.0891544    -0.016949903
     0.032954052      -3.0091381    -0.017016174
     0.038382476      -2.9514671    -0.017286849
     0.043906792      -2.9081928    -0.017775497
     0.049494901      -2.8746385    -0.018475194
     0.055127407      -2.8479157    -0.019339076
     0.060791971      -2.8261597    -0.020230691
     0.019026031       1.7032509    -0.018689199
     0.017648786       2.0121028    -0.018066459
     0.018119503       2.3369590    -0.017474039
     0.020310097       2.6179939    -0.016939941
     0.023749330       2.8312094    -0.016500291
     0.027980498       2.9854158    -0.016198071
     0.032697596       3.0972103    -0.016077551
     0.037718752      -3.1031216    -0.016174161
     0.042937428      -3.0400577    -0.016502667
     0.048289627      -2.9908115    -0.017047541
     0.053735467      -2.9514671    -0.017755022
     0.059249132      -2.9194030    -0.018521891
     0.024789936       1.6723313    -0.018850506
     0.023029486       1.9042695    -0.018103513
     0.022660990       2.1584574    -0.017356973
     0.023749330       2.4047784    -0.016638445
     0.026112982       2.6179939    -0.015985879
     0.029446425       2.7894974    -0.015450237
     0.033461067       2.9230804    -0.015092447
     0.037941284       3.0266317    -0.014970612
     0.042740917       3.1076439    -0.015118864
     0.047763772      -3.1112151    -0.015528331
     0.052946357      -3.0593003    -0.016141749
     0.058246052      -3.0167346    -0.016861478
     0.030568593       1.6530887    -0.019141249
     0.028575895       1.8377504    -0.018272703
     0.027677997       2.0419568    -0.017370480
     0.027980498       2.2505720    -0.016458306
     0.029446425       2.4464903    -0.015569506
     0.031915867       2.6179939    -0.014756057
     0.035178121       2.7613414    -0.014094322
     0.039034916       2.8784120    -0.013677589
     0.043327776       2.9733882    -0.013585944
     0.047939698       3.0506834    -0.013842974
     0.052787119       3.1141067    -0.014393718
     0.057810832      -3.1164957    -0.015124481
     0.036354970       1.6399678    -0.019594790
     0.034207502       1.7929860    -0.018606153
     0.032954052       1.9619405    -0.017551039
     0.032697596       2.1387775    -0.016447062
     0.033461067       2.3129074    -0.015314542
     0.035178121       2.4746463    -0.014191888
     0.037718752       2.6179939    -0.013154762
     0.040929883       2.7410863    -0.012329833
     0.044667139       2.8449550    -0.011875345
     0.048809818       2.9320083    -0.011903048
     0.053263404       3.0049845    -0.012390510
     0.057956268       3.0664280    -0.013187450
     0.042145887       1.6304514    -0.020253125
     0.039888240       1.7609219    -0.019135712
     0.038382476       1.9042695    -0.017928817
     0.037718752       2.0559241    -0.016644770
     0.037941284       2.2093560    -0.015284293
     0.039034916       2.3575757    -0.013855231
     0.040929883       2.4949014    -0.012400146
     0.043521637       2.6179939    -0.011039789
     0.046694298       2.7258271    -0.010012726
     0.050338146       2.8190125   -0.0096159627
     0.054358508       2.8990288   -0.0099745618
     0.058678043       2.9676530    -0.010898238
     0.047939698       1.6232346    -0.021173318
     0.045599748       1.7368703    -0.019891768
     0.043906792       1.8609953    -0.018521053
     0.042937428       1.9928601    -0.017071037
     0.042740917       2.1283438    -0.015519785
     0.043327776       2.2625995    -0.013835237
     0.044667139       2.3910328    -0.011997037
     0.046694298       2.5101606    -0.010044485
     0.049324522       2.6179939   -0.0081882669
     0.052467195       2.7139236   -0.0069496474
     0.056036162       2.7983342   -0.0069250823
     0.059955345       2.8721817   -0.0080354403
     0.053735467       1.6175744    -0.022435808
     0.051331758       1.7181813    -0.020897633
     0.049494901       1.8274410    -0.019323632
     0.048289627       1.9436140    -0.017713913
     0.047763772       2.0640176    -0.016018134
     0.047939698       2.1853044    -0.014166219
     0.048809818       2.3039795    -0.012074796
     0.050338146       2.4169753   -0.0096607601
     0.052467195       2.5220642   -0.0069167603
     0.055127407       2.6179939   -0.0042257690
     0.058246052       2.7043809   -0.0029748869
     0.061753712       2.7814789   -0.0042333709
     0.059532623       1.6130164    -0.024129394
     0.057078092       1.7032509    -0.022136102
     0.055127407       1.8007182    -0.020291390
     0.053735467       1.9042695    -0.018520973
     0.052946357       2.0121028    -0.016724672
     0.052787119       2.1218810    -0.014799784
     0.053263404       2.2310033    -0.012627377
     0.054358508       2.3369590    -0.010051270
     0.056036162       2.4376536   -0.0068558365
     0.058246052       2.5316069   -0.0028061365
     0.060930292       2.6179939    0.0015339623
     0.064029255       2.6965614    0.0011843269
     0.065330796       1.6092674    -0.026004689
     0.062834822       1.6910540    -0.023404829
     0.060791971       1.7789622    -0.021288719
     0.059249132       1.8722055    -0.019387763
     0.058246052       1.9695371    -0.017540275
     0.057810832       2.0692982    -0.015621717
     0.057956268       2.1695598    -0.013507946
     0.058678043       2.2683347    -0.011044388
     0.059955345       2.3638060   -0.0080038718
     0.061753712       2.4545089   -0.0040072125
     0.064029255       2.5394264    0.0016582674
     0.066733177       2.6179939    0.0088919373
    0.0029014425      -1.5707963    -0.018948744
    0.0076764953     -0.85707195    -0.019221640
     0.013296080     -0.71372438    -0.019408221
     0.019026031     -0.65605337    -0.019510807
     0.024789936     -0.62513375    -0.019526364
     0.030568593     -0.60589112    -0.019446716
     0.036354970     -0.59277027    -0.019257974
     0.042145887     -0.58325380    -0.018938703
     0.047939698     -0.57603705    -0.018455984
     0.053735467     -0.57037681    -0.017758051
     0.059532623     -0.56581881    -0.016763252
     0.065330796     -0.56206980    -0.015379178
    0.0076764953      -2.2845207    -0.018749128
    0.0087043275      -1.5707963    -0.019051500
     0.012647095      -1.1621585    -0.019268463
     0.017648786     -0.96490521    -0.019405343
     0.023029486     -0.85707195    -0.019462197
     0.028575895     -0.79055289    -0.019434401
     0.034207502     -0.74578840    -0.019312774
     0.039888240     -0.71372438    -0.019083201
     0.045599748     -0.68967276    -0.018725821
     0.051331758     -0.67098374    -0.018214948
     0.057078092     -0.65605337    -0.017526089
     0.062834822     -0.64385644    -0.016683024
     0.013296080      -2.4278683    -0.018620213
     0.012647095      -1.9794342    -0.018941335
     0.014507212      -1.5707963    -0.019180682
     0.018119503      -1.2897614    -0.019345751
     0.022660990      -1.1112598    -0.019438721
     0.027677997     -0.99475928    -0.019457379
     0.032954052     -0.91474295    -0.019395849
     0.038382476     -0.85707195    -0.019245247
     0.043906792     -0.81379771    -0.018994654
     0.049494901     -0.78024343    -0.018633641
     0.055127407     -0.75352062    -0.018160395
     0.060791971     -0.73176462    -0.017606829
     0.019026031      -2.4855393    -0.018576411
     0.017648786      -2.1766874    -0.018899634
     0.018119503      -1.8518312    -0.019148445
     0.020310097      -1.5707963    -0.019331847
     0.023749330      -1.3575808    -0.019453175
     0.027980498      -1.2033744    -0.019511285
     0.032697596      -1.0915799    -0.019501637
     0.037718752      -1.0087265    -0.019417589
     0.042937428     -0.94566257    -0.019252246
     0.048289627     -0.89641642    -0.019001511
     0.053735467     -0.85707195    -0.018669842
     0.059249132     -0.82500793    -0.018281842
     0.024789936      -2.5164589    -0.018635813
     0.023029486      -2.2845207    -0.018938002
     0.022660990      -2.0303329    -0.019177648
     0.023749330      -1.7840118    -0.019365044
     0.026112982      -1.5707963    -0.019504011
     0.029446425      -1.3992928    -0.019593359
     0.033461067      -1.2657098    -0.019628078
     0.037941284      -1.1621585    -0.019600828
     0.042740917      -1.0811463    -0.019504376
     0.047763772      -1.0168200    -0.019335192
     0.052946357     -0.96490521    -0.019097955
     0.058246052     -0.92233952    -0.018810980
     0.030568593      -2.5357015    -0.018821019
     0.028575895      -2.3510398    -0.019071812
     0.027677997      -2.1468334    -0.019276796
     0.027980498      -1.9382182    -0.019448136
     0.029446425      -1.7422999    -0.019589862
     0.031915867      -1.5707963    -0.019700132
     0.035178121      -1.4274488    -0.019772385
     0.039034916      -1.3103782    -0.019796321
     0.043327776      -1.2154020    -0.019760300
     0.047939698      -1.1381068    -0.019656188
     0.052787119      -1.0746835    -0.019485205
     0.057810832      -1.0221006    -0.019261646
     0.036354970      -2.5488224    -0.019161334
     0.034207502      -2.3958043    -0.019321725
     0.032954052      -2.2268497    -0.019458000
     0.032697596      -2.0500127    -0.019585963
     0.033461067      -1.8758829    -0.019709699
     0.035178121      -1.7141439    -0.019826398
     0.037718752      -1.5707963    -0.019927987
     0.040929883      -1.4477039    -0.020000735
     0.044667139      -1.3438352    -0.020025562
     0.048809818      -1.2567819    -0.019983235
     0.053263404      -1.1838057    -0.019865230
     0.057956268      -1.1223622    -0.019681861
     0.042145887      -2.5583389    -0.019697366
     0.039888240      -2.4278683    -0.019716166
     0.038382476      -2.2845207    -0.019738234
     0.037718752      -2.1328661    -0.019786524
     0.037941284      -1.9794342    -0.019864200
     0.039034916      -1.8312145    -0.019966302
     0.040929883      -1.6938888    -0.020083731
     0.043521637      -1.5707963    -0.020201714
     0.046694298      -1.4629631    -0.020295115
     0.050338146      -1.3697778    -0.020327501
     0.054358508      -1.2897614    -0.020266661
     0.058678043      -1.2211372    -0.020111263
     0.047939698      -2.5655556    -0.020490130
     0.045599748      -2.4519199    -0.020294603
     0.043906792      -2.3277949    -0.020139615
     0.042937428      -2.1959301    -0.020061094
     0.042740917      -2.0604464    -0.020057147
     0.043327776      -1.9261907    -0.020116389
     0.044667139      -1.7977574    -0.020227227
     0.046694298      -1.6786296    -0.020377250
     0.049324522      -1.5707963    -0.020544642
     0.052467195      -1.4748666    -0.020681759
     0.056036162      -1.3904560    -0.020712247
     0.059955345      -1.3166085    -0.020589566
     0.053735467      -2.5712158    -0.021639092
     0.051331758      -2.4706089    -0.021109649
     0.049494901      -2.3613492    -0.020685531
     0.048289627      -2.2451762    -0.020420679
     0.047763772      -2.1247726    -0.020294249
     0.047939698      -2.0034858    -0.020278059
     0.048809818      -1.8848107    -0.020352010
     0.050338146      -1.7718149    -0.020504913
     0.052467195      -1.6667260    -0.020728339
     0.055127407      -1.5707963    -0.020994764
     0.058246052      -1.4844093    -0.021200756
     0.061753712      -1.4073114    -0.021164967
     0.059532623      -2.5757738    -0.023318433
     0.057078092      -2.4855393    -0.022212995
     0.055127407      -2.3880720    -0.021382559
     0.053735467      -2.2845207    -0.020864305
     0.052946357      -2.1766874    -0.020576482
     0.052787119      -2.0669092    -0.020455194
     0.053263404      -1.9577869    -0.020462042
     0.054358508      -1.8518312    -0.020579477
     0.056036162      -1.7511366    -0.020807313
     0.058246052      -1.6571833    -0.021157431
     0.060930292      -1.5707963    -0.021614445
     0.064029255      -1.4922288    -0.021891884
     0.065330796      -2.5795229    -0.025788043
     0.062834822      -2.4977362    -0.023516229
     0.060791971      -2.4098280    -0.022157550
     0.059249132      -2.3165847    -0.021352468
     0.058246052      -2.2192531    -0.020886822
     0.057810832      -2.1194920    -0.020645598
     0.057956268      -2.0192304    -0.020566239
     0.058678043      -1.9204555    -0.020618136
     0.059955345      -1.8249842    -0.020794950
     0.061753712      -1.7342813    -0.021115568
     0.064029255      -1.6493638    -0.021635409
     0.066733177      -1.5707963    -0.022466128
      0.12313197       1.0354154    -0.017147727
      0.12815708       1.0585177    -0.017219585
      0.13324541       1.0798661    -0.017392254
      0.13838999       1.0996358    -0.017685461
      0.14358476       1.1179818    -0.018127514
      0.14882449       1.1350413    -0.018757878
      0.15410457       1.1509362    -0.019632137
      0.15942100       1.1657744    -0.020831262
      0.16477026       1.1796521    -0.022478669
      0.17014926       1.1926548    -0.024769095
      0.17555525       1.2048586    -0.027976887
      0.18098583       1.2163317    -0.031108702
      0.12333690      0.98835228    -0.016939247
      0.12822275       1.0132488    -0.017025946
      0.13318222       1.0363046    -0.017197972
      0.13820737       1.0576944    -0.017468094
      0.14329131       1.0775751    -0.017856758
      0.14842800       1.0960866    -0.018393268
      0.15361213       1.1133542    -0.019117885
      0.15883907       1.1294899    -0.020084764
      0.16410473       1.1445938    -0.021364042
      0.16940548       1.1587556    -0.023032346
      0.17473815       1.1720556    -0.025092274
      0.18009990       1.1845657    -0.027041927
      0.12381377      0.94154846    -0.016626691
      0.12855060      0.96811865    -0.016735703
      0.13337171      0.99278431    -0.016915145
      0.13826827       1.0157161    -0.017171113
      0.14323255       1.0370689    -0.017516921
      0.14825775       1.0569828    -0.017973115
      0.15333787       1.0755842    -0.018567519
      0.15846764       1.0929870    -0.019334427
      0.16364239       1.1092938    -0.020310356
      0.16885797       1.1245971    -0.021518255
      0.17411073       1.1389803    -0.022915958
      0.17939739       1.1525184    -0.024261950
      0.12455944      0.89520435    -0.016204618
      0.12913864      0.92330877    -0.016350350
      0.13381282      0.94946926    -0.016551508
      0.13857236      0.97384843    -0.016807816
      0.14340877      0.99659602    -0.017126525
      0.14831452       1.0178492    -0.017521650
      0.15328296       1.0377331    -0.018012998
      0.15830819       1.0563616    -0.018623877
      0.16338496       1.0738382    -0.019375528
      0.16850863       1.0902568    -0.020274467
      0.17367503       1.1057025    -0.021285489
      0.17888046       1.1202526    -0.022284632
      0.12556912      0.84950855    -0.015657839
      0.12998333      0.87899313    -0.015863062
      0.13450306      0.90651878    -0.016107564
      0.13911804      0.93223663    -0.016384731
      0.14381909      0.95628825    -0.016696626
      0.14859805      0.97880520    -0.017052604
      0.15344764      0.99990904    -0.017468084
      0.15836136       1.0197116    -0.017962117
      0.16333343       1.0383155    -0.018551904
      0.16835869       1.0558145    -0.019242795
      0.17343250       1.0722945    -0.020012981
      0.17855073       1.0878336    -0.020794432
      0.12683652      0.80463368    -0.014959372
      0.13107971      0.83533415    -0.015257516
      0.13543864      0.86408418    -0.015576116
      0.13990249      0.89102068    -0.015901958
      0.14446154      0.91627438    -0.016232642
      0.14910705      0.93996885    -0.016574056
      0.15383119      0.96221986    -0.016939321
      0.15862693      0.98313530    -0.017347407
      0.16348798       1.0028152    -0.017818428
      0.16840868       1.0213518    -0.018364038
      0.17338395       1.0388304    -0.018975353
      0.17840922       1.0553291    -0.019613226
      0.12835399      0.76073308    -0.014067077
      0.13242153      0.79247953    -0.014506174
      0.13661451      0.82230583    -0.014941449
      0.14092172      0.85033255    -0.015352787
      0.14533302      0.87667756    -0.015734653
      0.14983921      0.90145434    -0.016090596
      0.15443199      0.92477103    -0.016431924
      0.15910385      0.94672976    -0.016778707
      0.16384803      0.96742638    -0.017158217
      0.16865843      0.98695037    -0.017594897
      0.17352955       1.0053850    -0.018094499
      0.17845640       1.0228073    -0.018634663
      0.13011279      0.71793859    -0.012918277
      0.13400142      0.75055985    -0.013568496
      0.13802452      0.78131062    -0.014179074
      0.14217068      0.81029391    -0.014723442
      0.14642945      0.83761316    -0.015196539
      0.15079129      0.86337023    -0.015602453
      0.15524751      0.88766401    -0.015950859
      0.15979021      0.91058938    -0.016260407
      0.16441223      0.93223663    -0.016564860
      0.16910706      0.95269107    -0.016908533
      0.17386881      0.97203287    -0.017320480
      0.17869211      0.99033705    -0.017791946
      0.13210329      0.67635939    -0.011421485
      0.13581107      0.70968699    -0.012390567
      0.13966159      0.74121033    -0.013258061
      0.14364338      0.77101429    -0.013995105
      0.14774583      0.79918703    -0.014606046
      0.15195916      0.82581767    -0.015102810
      0.15627440      0.85099465    -0.015496746
      0.16068334      0.87480440    -0.015801274
      0.16517849      0.89733044    -0.016046113
      0.16975298      0.91865275    -0.016295063
      0.17440059      0.93884742    -0.016621764
      0.17911561      0.95798634    -0.017041342
      0.13431517      0.63608180   -0.0094462873
      0.13784142      0.66995337    -0.010911450
      0.14151784      0.70210040    -0.012150196
      0.14533302      0.73258980    -0.013151443
      0.14927633      0.76149408    -0.013949399
      0.15333787      0.78888906    -0.014577742
      0.15750851      0.81485191    -0.015058794
      0.16177981      0.83945969    -0.015403661
      0.16614400      0.86278822    -0.015623286
      0.17059396      0.88491123    -0.015769074
      0.17512315      0.90589974    -0.015981115
      0.17972557      0.92582172    -0.016353017
      0.13673769      0.59717004   -0.0068322741
      0.14008289      0.63143204   -0.0090973230
      0.14358476      0.66405960    -0.010855733
      0.14723213      0.69510233    -0.012195493
      0.15101444      0.72461735    -0.013223163
      0.15492181      0.75266697    -0.014014415
      0.15894503      0.77931671    -0.014615150
      0.16307552      0.80463368    -0.015046243
      0.16730534      0.82868530    -0.015306719
      0.17162713      0.85153830    -0.015388829
      0.17603413      0.87325792    -0.015405096
      0.18052009      0.89390742    -0.015706033
      0.13935988      0.55966752   -0.0036215611
      0.14252552      0.59417730   -0.0070808872
      0.14585341      0.62715011   -0.0094656689
      0.14933271      0.65861937    -0.011179310
      0.15295308      0.68862746    -0.012452066
      0.15670476      0.71722346    -0.013416487
      0.16057853      0.74446116    -0.014149064
      0.16456577      0.77039747    -0.014689647
      0.16865843      0.79509099    -0.015048127
      0.17284904      0.81860092    -0.015200368
      0.17713063      0.84098618    -0.015071794
      0.18149677      0.86230468    -0.015104090
      0.12064559       1.0712492    -0.017257475
      0.11573083       1.0973598    -0.017368781
      0.11090192       1.1257651    -0.017519492
      0.10617060       1.1567289    -0.017726030
      0.10155049       1.1905451    -0.018008535
     0.097057480       1.2275379    -0.018391761
     0.092710055       1.2680599    -0.018906429
     0.088529662       1.3124878    -0.019591884
     0.084541084       1.3612119    -0.020500811
     0.080772740       1.4146195    -0.021704460
     0.077256866       1.4730680    -0.023278634
     0.074029439       1.5368476    -0.025094111
      0.12577009       1.0933528    -0.017264881
      0.12092438       1.1192414    -0.017253509
      0.11616645       1.1472709    -0.017275402
      0.11150753       1.1776681    -0.017350157
      0.10696057       1.2106825    -0.017500519
      0.10254044       1.2465852    -0.017752425
     0.098264280       1.2856668    -0.018134260
     0.094151697       1.3282325    -0.018675752
     0.090225065       1.3745934    -0.019406546
     0.086509708       1.4250531    -0.020351104
     0.083033992       1.4798870    -0.021503876
     0.079829224       1.5393149    -0.022730510
      0.13095120       1.1137166    -0.017379062
      0.12617105       1.1393122    -0.017236999
      0.12148004       1.1669038    -0.017116822
      0.11688889       1.1966871    -0.017041054
      0.11240984       1.2288743    -0.017035448
      0.10805682       1.2636934    -0.017129131
      0.10384570       1.3013854    -0.017352556
     0.099794439       1.3421997    -0.017733259
     0.095923286       1.3863870    -0.018290210
     0.092254922       1.4341882    -0.019026227
     0.088814477       1.4858186    -0.019912409
     0.085629428       1.5414480    -0.020851251
      0.13618247       1.1325232    -0.017622669
      0.13146448       1.1577736    -0.017341395
      0.12683652       1.1848849    -0.017066250
      0.12230879       1.2140262    -0.016821860
      0.11789286       1.2453790    -0.016636236
      0.11360176       1.2791357    -0.016542658
      0.10945016       1.3154975    -0.016578074
      0.10545456       1.3546698    -0.016776658
      0.10163335       1.3968567    -0.017159622
     0.098006931       1.4422515    -0.017724722
     0.094597705       1.4910252    -0.018437231
     0.091429973       1.5433104    -0.019219632
      0.14145834       1.1499328    -0.018026440
      0.13679924       1.1748005    -0.017595384
      0.13223068       1.2014039    -0.017152096
      0.12776234       1.2298896    -0.016722059
      0.12340514       1.2604131    -0.016332869
      0.11917125       1.2931377    -0.016019929
      0.11507430       1.3282325    -0.015828565
      0.11112941       1.3658680    -0.015808277
      0.10735337       1.4062116    -0.015997250
      0.10376461       1.4494205    -0.016403106
      0.10038320       1.4956316    -0.016991751
     0.097230797       1.5449506    -0.017689513
      0.14677399       1.1660860    -0.018631513
      0.14217068       1.1905451    -0.018034683
      0.13765808       1.2166243    -0.017407941
      0.13324541       1.2444508    -0.016776962
      0.12894292       1.2741586    -0.016164341
      0.12476203       1.3058871    -0.015600873
      0.12071535       1.3397789    -0.015135472
      0.11681685       1.3759769    -0.014837271
      0.11308184       1.4146195    -0.014779520
      0.10952705       1.4558354    -0.015003601
      0.10617060       1.4997360    -0.015487445
      0.10303185       1.5464061    -0.016148610
      0.15212526       1.1811064    -0.019494110
      0.14757479       1.2051400    -0.018703075
      0.14311496       1.2306870    -0.017870562
      0.13875449       1.2578584    -0.017024080
      0.13450306       1.2867700    -0.016176001
      0.13037134       1.3175412    -0.015341465
      0.12637106       1.3502932    -0.014557604
      0.12251511       1.3851463    -0.013902551
      0.11881752       1.4222160    -0.013497855
      0.11529356       1.4616088    -0.013462162
      0.11195959       1.5034160    -0.013823813
      0.10883310       1.5477064    -0.014486310
      0.15750851       1.1951031    -0.020694710
      0.15300811       1.2187011    -0.019654541
      0.14859805       1.2437144    -0.018576757
      0.14428661       1.2702400    -0.017496032
      0.14008289       1.2983784    -0.016409761
      0.13599690       1.3282325    -0.015305820
      0.13203954       1.3599057    -0.014186773
      0.12822275       1.3935000    -0.013103697
      0.12455944       1.4291126    -0.012202354
      0.12106354       1.4668321    -0.011728460
      0.11774996       1.5067341    -0.011874191
      0.11463452       1.5488751    -0.012565945
      0.16292058       1.2081723    -0.022355291
      0.15846764       1.2313300    -0.020955313
      0.15410457       1.2558127    -0.019557857
      0.14983921       1.2817055    -0.018210783
      0.14568015       1.3090961    -0.016888465
      0.14163676       1.3380733    -0.015542759
      0.13771922       1.3687261    -0.014125470
      0.13393858       1.4011413    -0.012615210
      0.13030675       1.4354011    -0.011086292
      0.12683652       1.4715800   -0.0098522369
      0.12354150       1.5097411   -0.0094823875
      0.12043608       1.5499313    -0.010186258
      0.16835869       1.2203992    -0.024668538
      0.16395076       1.2431159    -0.022675044
      0.15963208       1.2670747    -0.020824486
      0.15541010       1.2923504    -0.019158338
      0.15129291       1.3190197    -0.017600315
      0.14728929       1.3471597    -0.016056448
      0.14340877       1.3768472    -0.014428857
      0.13966159       1.4081567    -0.012615846
      0.13605878       1.4411581    -0.010533416
      0.13261211       1.4759145   -0.0082587925
      0.12933406       1.5124788   -0.0065825080
      0.12623776       1.5508903   -0.0070079985
      0.17382038       1.2318593    -0.027905592
      0.16945517       1.2541376    -0.024806408
      0.16517849       1.2775816    -0.022316343
      0.16099738       1.3022575    -0.020276972
      0.15691950       1.3282325    -0.018487619
      0.15295308       1.3555738    -0.016792487
      0.14910705       1.3843481    -0.015055884
      0.14539093       1.4146195    -0.013134188
      0.14181496       1.4464479    -0.010845707
      0.13838999       1.4798870   -0.0079423489
      0.13512750       1.5149818   -0.0042508581
      0.13203954       1.5517651   -0.0023989757
      0.17930351       1.2426199    -0.031067118
      0.17497887       1.2644646    -0.026831237
      0.17074194       1.2874049    -0.023767899
      0.16659940       1.3114992    -0.021410851
      0.16255848       1.3368068    -0.019438449
      0.15862693       1.3633865    -0.017647401
      0.15481310       1.3912964    -0.015884687
      0.15112589       1.4205920    -0.014006444
      0.14757479       1.4513249    -0.011842660
      0.14416987       1.4835411   -0.0091496120
      0.14092172       1.5172789   -0.0055272357
      0.13784142       1.5525662  -0.00049940615
      0.11810689       1.0349141    -0.017240057
      0.11832053      0.98585437    -0.017061729
      0.11881752      0.93708828    -0.016775314
      0.11959435      0.88884200    -0.016372929
      0.12064559      0.84132733    -0.015836474
      0.12196416      0.79473657    -0.015135540
      0.12354150      0.74923869    -0.014223644
      0.12536783      0.70497687    -0.013031264
      0.12743246      0.66206737    -0.011452594
      0.12972401      0.62059962   -0.0093193036
      0.13223068      0.58063741   -0.0063453555
      0.13494047      0.54222082   -0.0019996577
      0.11308184       1.0600269    -0.017449693
      0.11315626       1.0087265    -0.017351906
      0.11352763      0.95762781    -0.017148905
      0.11419305      0.90699344    -0.016835607
      0.11514743      0.85707195    -0.016397207
      0.11638365      0.80809085    -0.015808111
      0.11789286      0.76025128    -0.015030113
      0.11966472      0.71372438    -0.014009007
      0.12168776      0.66864944    -0.012668473
      0.12394968      0.62513375    -0.010900534
      0.12643766      0.58325380   -0.0085592374
      0.12913864      0.54305756   -0.0055258912
      0.10813470       1.0874560    -0.017693830
      0.10805682       1.0337716    -0.017668275
      0.10829029      0.98016438    -0.017545334
      0.10883310      0.92693989    -0.017323108
      0.10968067      0.87439072    -0.016990049
      0.11082599      0.82278735    -0.016524698
      0.11225996      0.77237064    -0.015895678
      0.11397167      0.72334659    -0.015061931
      0.11594884      0.67588342    -0.013973279
      0.11817814      0.63011087    -0.012573313
      0.12064559      0.58612143    -0.010815183
      0.12333690      0.54397302   -0.0087331865
      0.10327668       1.1174901    -0.017983836
      0.10303185       1.0612783    -0.018014968
      0.10311353       1.0049775    -0.017961296
      0.10352093      0.94894296    -0.017824682
      0.10425025      0.89352003    -0.017596839
      0.10529478      0.83903171    -0.017259254
      0.10664528      0.78576826    -0.016784098
      0.10829029      0.73397951    -0.016136827
      0.11021663      0.68387031    -0.015281025
      0.11240984      0.63559893    -0.014186563
      0.11485462      0.58927825    -0.012846051
      0.11753528      0.54497886    -0.011314703
     0.098520957       1.1504560    -0.018335209
     0.098092789       1.0915799    -0.018399646
     0.098006931       1.0323948    -0.018396258
     0.098264280      0.97331302    -0.018331796
     0.098862156      0.91474295    -0.018201888
     0.099794439      0.85707195    -0.017990556
      0.10105187      0.80065197    -0.017670735
      0.10262251      0.74578840    -0.017207473
      0.10449222      0.69273291    -0.016565367
      0.10664528      0.64168050    -0.015720277
      0.10906491      0.59277027    -0.014674526
      0.11173379      0.54608915    -0.013477502
     0.093883075       1.1867216    -0.018769221
     0.093253282       1.1250601    -0.018835077
     0.092982065       1.0628003    -0.018853655
     0.093072559       1.0004195    -0.018838509
     0.093523713      0.93840043    -0.018790707
     0.094330353      0.87720935    -0.018698005
     0.095483470      0.81727571    -0.018533729
     0.096970705      0.75897584    -0.018257922
     0.098776967      0.70262195    -0.017824911
      0.10088512      0.64845681    -0.017199369
      0.10327668      0.59665378    -0.016376149
      0.10593246      0.54732105    -0.015395205
     0.089381384       1.2266975    -0.019315532
     0.088529662       1.1621585    -0.019341488
     0.088052924       1.0966444    -0.019342907
     0.087957266       1.0307033    -0.019343110
     0.088243928      0.96490521    -0.019350493
     0.088909212      0.89981259    -0.019359114
     0.089944717      0.83595252    -0.019346006
     0.091337852      0.77379268    -0.019267170
     0.093072559      0.71372438    -0.019059272
     0.095130154      0.65605337    -0.018657369
     0.097490195      0.60099836    -0.018028556
      0.10013130      0.54869569    -0.017198741
     0.085037513       1.2708342    -0.020016693
     0.083941494       1.2033744    -0.019949843
     0.083236514       1.1344527    -0.019881936
     0.082932545       1.0646912    -0.019850807
     0.083033992      0.99475928    -0.019873150
     0.083539377      0.92533614    -0.019951213
     0.084441448      0.85707195    -0.020071627
     0.085727684      0.79055289    -0.020195961
     0.087381121      0.72627481    -0.020247880
     0.089381384      0.66462767    -0.020116431
     0.091705780      0.60589112    -0.019704075
     0.094330353      0.55023941    -0.018999510
     0.080876896       1.3196155    -0.020936506
     0.079512230       1.2492678    -0.020706331
     0.078553575       1.1768358    -0.020499101
     0.078015899       1.1030121    -0.020375875
     0.077907918       1.0285755    -0.020359665
     0.078231413      0.95434432    -0.020458385
     0.078981081      0.88112357    -0.020671450
     0.080144964      0.80965407    -0.020981011
     0.081705362      0.74057143    -0.021324846
     0.083640088      0.67437990    -0.021557473
     0.085923857      0.61144251    -0.021463165
     0.088529662      0.55198542    -0.020911112
     0.076929273       1.3735431    -0.022176450
     0.075269928       1.3004527    -0.021678101
     0.074029439       1.2244939    -0.021232217
     0.073229098       1.1464139    -0.020940161
     0.072883404       1.0671036    -0.020821924
     0.072998817      0.98754253    -0.020880063
     0.073573167      0.90872896    -0.021120393
     0.074595855      0.83160612    -0.021551688
     0.076048795      0.75699862    -0.022163523
     0.077907918      0.68556839    -0.022855963
     0.080144964      0.61779469    -0.023310615
     0.082729279      0.55397628    -0.023068620
     0.073229098       1.4331090    -0.023910465
     0.071247991       1.3575808    -0.022955706
     0.069695040       1.2782149    -0.022117568
     0.068599329       1.1957779    -0.021563146
     0.067982971       1.1112598    -0.021276982
     0.067859027       1.0258175    -0.021232703
     0.068230182      0.94068546    -0.021425285
     0.069088457      0.85707195    -0.021875730
     0.070416043      0.77605976    -0.022627825
     0.072187050      0.69853212    -0.023717446
     0.074369807      0.62513375    -0.024999636
     0.076929273      0.55626735    -0.025613247
     0.069815724       1.4987524    -0.026466114
     0.067485831       1.4213068    -0.024602145
     0.065588004       1.3388581    -0.023141956
     0.064160597       1.2521259    -0.022235099
     0.063235473       1.1621585    -0.021730697
     0.062834822       1.0702875    -0.021538388
     0.062968656      0.97802605    -0.021622746
     0.063633602      0.88692602    -0.021993117
     0.064813316      0.79842569    -0.022705158
     0.066480399      0.71372438    -0.023874749
     0.068599329      0.63370805    -0.025691707
     0.071129737      0.55893204    -0.028141876
      0.12313197     0.011782113   -0.0085234497
      0.12333690     0.058845276   -0.0087367961
      0.12381377      0.10564909   -0.0088522759
      0.12455944      0.15199320   -0.0088523495
      0.12556912      0.19768900   -0.0087138552
      0.12683652      0.24256387   -0.0084067787
      0.12835399      0.28646447   -0.0078913761
      0.13011279      0.32925896   -0.0071124913
      0.13210329      0.37083817   -0.0059892732
      0.13431517      0.41111575   -0.0043990702
      0.13673769      0.45002751   -0.0021747206
      0.13935988      0.48753003   0.00047919012
      0.12815708    -0.011320110   -0.0081854593
      0.12822275     0.033948732   -0.0084424247
      0.12855060     0.079078902   -0.0086121186
      0.12913864      0.12388878   -0.0086807032
      0.12998333      0.16820442   -0.0086298488
      0.13107971      0.21186340   -0.0084363404
      0.13242153      0.25471802   -0.0080710501
      0.13400142      0.29663770   -0.0074972804
      0.13581107      0.33751056   -0.0066694709
      0.13784142      0.37724418   -0.0055381415
      0.14008289      0.41576552   -0.0040900761
      0.14252552      0.45302025   -0.0025505858
      0.13324541    -0.032668577   -0.0078835268
      0.13318222     0.010892970   -0.0081850591
      0.13337171     0.054413241   -0.0084108929
      0.13381282     0.097728290   -0.0085495140
      0.13450306      0.14067878   -0.0085858259
      0.13543864      0.18311337   -0.0085013533
      0.13661451      0.22489173   -0.0082745304
      0.13802452      0.26588693   -0.0078814927
      0.13966159      0.30598723   -0.0072986542
      0.14151784      0.34509715   -0.0065113933
      0.14358476      0.38313795   -0.0055417242
      0.14585341      0.42004744   -0.0045219589
      0.13838999    -0.052438271   -0.0076082412
      0.13820737    -0.010496892   -0.0079521674
      0.13826827     0.031481429   -0.0082338136
      0.13857236     0.073349118   -0.0084427618
      0.13911804      0.11496092   -0.0085655510
      0.13990249      0.15617687   -0.0085859584
      0.14092172      0.19686500   -0.0084858745
      0.14217068      0.23690364   -0.0082473729
      0.14364338      0.27618326   -0.0078566877
      0.14533302      0.31460775   -0.0073116930
      0.14723213      0.35209522   -0.0066368832
      0.14933271      0.38857818   -0.0059107741
      0.14358476    -0.070784208   -0.0073505806
      0.14329131    -0.030377509   -0.0077320328
      0.14323255     0.010128606   -0.0080670571
      0.14340877     0.050601528   -0.0083455401
      0.14381909     0.090909298   -0.0085547275
      0.14446154      0.13092317   -0.0086788753
      0.14533302      0.17051999   -0.0086997370
      0.14642945      0.20958439   -0.0085990882
      0.14774583      0.24801052   -0.0083639548
      0.14927633      0.28570347   -0.0079940023
      0.15101444      0.32258020   -0.0075102583
      0.15295308      0.35857009   -0.0069650151
      0.14882449    -0.087843731   -0.0071008134
      0.14842800    -0.048889001   -0.0075129563
      0.14825775   -0.0097852855   -0.0078968723
      0.14831452     0.029348364   -0.0082424100
      0.14859805     0.068392349   -0.0085376547
      0.14910705      0.10722870   -0.0087672683
      0.14983921      0.14574321   -0.0089111473
      0.15079129      0.18382732   -0.0089456907
      0.15195916      0.22137988   -0.0088502145
      0.15333787      0.25830849   -0.0086178079
      0.15492181      0.29453058   -0.0082647117
      0.15670476      0.32997409   -0.0078329717
      0.15410457     -0.10373860   -0.0068474757
      0.15361213    -0.066156624   -0.0072829657
      0.15333787    -0.028386648   -0.0077097788
      0.15328296    0.0094644759   -0.0081174302
      0.15344764     0.047288512   -0.0084958618
      0.15383119     0.084977687   -0.0088323071
      0.15443199      0.12242652   -0.0091068489
      0.15524751      0.15953355   -0.0092889890
      0.15627440      0.19620290   -0.0093414507
      0.15750851      0.23234564   -0.0092373537
      0.15894503      0.26788084   -0.0089819911
      0.16057853      0.30273639   -0.0086172096
      0.15942100     -0.11857688   -0.0065760889
      0.15883907    -0.082292343   -0.0070297566
      0.15846764    -0.045789421   -0.0074937139
      0.15830819   -0.0091640334   -0.0079562019
      0.15836136     0.027485946   -0.0084100638
      0.15862693     0.064062249   -0.0088486144
      0.15910385      0.10046779   -0.0092587579
      0.15979021      0.13660817   -0.0096104113
      0.16068334      0.17239315   -0.0098472167
      0.16177981      0.20773786   -0.0098997258
      0.16307552      0.24256387   -0.0097368742
      0.16456577      0.27680008   -0.0094028750
      0.16477026     -0.13245460   -0.0062670854
      0.16410473    -0.097396289   -0.0067406024
      0.16364239    -0.062096246   -0.0072396747
      0.16338496    -0.026640631   -0.0077493096
      0.16333343    0.0088820783   -0.0082656524
      0.16348798     0.044382395   -0.0087905768
      0.16384803     0.079771168   -0.0093253072
      0.16441223      0.11496092   -0.0098575699
      0.16517849      0.14986712    -0.010334288
      0.16614400      0.18440933    -0.010631317
      0.16730534      0.21851225    -0.010608959
      0.16865843      0.25210656    -0.010278631
      0.17014926     -0.14545725   -0.0058924156
      0.16940548     -0.11155808   -0.0064029834
      0.16885797    -0.077399583   -0.0069439479
      0.16850863    -0.043059209   -0.0074958597
      0.16835869   -0.0086169549   -0.0080592640
      0.16840868     0.025845748   -0.0086447492
      0.16865843     0.060247178   -0.0092692914
      0.16910706     0.094506481   -0.0099508206
      0.16975298      0.12854480    -0.010686167
      0.17059396      0.16228632    -0.011372309
      0.17162713      0.19565926    -0.011680698
      0.17284904      0.22859663    -0.011361922
      0.17555525     -0.15766106   -0.0054130583
      0.17473815     -0.12485803   -0.0060114020
      0.17411073    -0.091782748   -0.0066134724
      0.17367503    -0.058504924   -0.0072067526
      0.17343250    -0.025096915   -0.0078025179
      0.17338395    0.0083671999   -0.0084197109
      0.17352955     0.041812592   -0.0090853066
      0.17386881     0.075164683   -0.0098381191
      0.17440059      0.10835014    -0.010731777
      0.17512315      0.14129781    -0.011813790
      0.17603413      0.17393963    -0.012894533
      0.17713063      0.20621137    -0.012846336
      0.18098583     -0.16913413   -0.0048336923
      0.18009990     -0.13736818   -0.0056059900
      0.17939739     -0.10532086   -0.0062811883
      0.17888046    -0.073055002   -0.0069092049
      0.17855073    -0.040636088   -0.0075215508
      0.17840922   -0.0081315147   -0.0081445658
      0.17845640     0.024390244   -0.0088077545
      0.17869211     0.056860499   -0.0095515596
      0.17911561     0.089211211    -0.010438768
      0.17972557      0.12137584    -0.011576380
      0.18052009      0.15329013    -0.013163526
      0.18149677      0.18489287    -0.015120097
      0.11810689     0.012283430   -0.0087862520
      0.11308184    -0.012829302   -0.0089618707
      0.10813470    -0.040258488   -0.0091588092
      0.10327668    -0.070292567   -0.0093697496
     0.098520957     -0.10325841   -0.0095901997
     0.093883075     -0.13952408   -0.0098195154
     0.089381384     -0.17949992    -0.010062293
     0.085037513     -0.22363662    -0.010330112
     0.080876896     -0.27241795    -0.010643869
     0.076929273     -0.32634551    -0.011037397
     0.073229098     -0.38591144    -0.011562330
     0.069815724     -0.45155489    -0.012265719
      0.11832053     0.061343181   -0.0090081146
      0.11315626     0.038471027   -0.0092458316
      0.10805682     0.013425944   -0.0095063146
      0.10303185    -0.014080783   -0.0097758318
     0.098092789    -0.044382395    -0.010042130
     0.093253282    -0.077862575    -0.010295901
     0.088529662     -0.11496092    -0.010532959
     0.083941494     -0.15617687    -0.010756544
     0.079512230     -0.20207021    -0.010978837
     0.075269928     -0.25325514    -0.011220592
     0.071247991     -0.31038327    -0.011505647
     0.067485831     -0.37410926    -0.011832877
      0.11881752      0.11010928   -0.0091306261
      0.11352763     0.089569739   -0.0094406909
      0.10829029     0.067033168   -0.0097796485
      0.10311353     0.042220038    -0.010128391
     0.098006931     0.014802772    -0.010467350
     0.092982065    -0.015602795    -0.010777869
     0.088052924    -0.049446828    -0.011045204
     0.083236514    -0.087255199    -0.011262443
     0.078553575     -0.12963826    -0.011433499
     0.074029439     -0.17729630    -0.011572931
     0.069695040     -0.23101738    -0.011700396
     0.065588004     -0.29166058    -0.011826036
      0.11959435      0.15835555   -0.0091344113
      0.11419305      0.14020411   -0.0095279663
      0.10883310      0.12025766   -0.0099612206
      0.10352093     0.098254589    -0.010411341
     0.098264280     0.073884528    -0.010852919
     0.093072559     0.046778034    -0.011258143
     0.087957266     0.016494226    -0.011599816
     0.082932545    -0.017493678    -0.011857407
     0.078015899    -0.055814575    -0.012023905
     0.073229098    -0.099216305    -0.012109160
     0.068599329     -0.14858030    -0.012136235
     0.064160597     -0.20492838    -0.012130491
      0.12064559      0.20587022   -0.0089940265
      0.11514743      0.19012560   -0.0094829131
      0.10968067      0.17280683    -0.010026115
      0.10425025      0.15367752    -0.010599200
     0.098862156      0.13245460    -0.011174004
     0.093523713      0.10879712    -0.011715889
     0.088243928     0.082292343    -0.012184457
     0.083033992     0.052438271    -0.012540353
     0.077907918     0.018622049    -0.012757732
     0.072883404    -0.019906000    -0.012835919
     0.067982971    -0.064062249    -0.012800901
     0.063235473     -0.11496092    -0.012693732
      0.12196416      0.25246098   -0.0086770131
      0.11638365      0.23910670   -0.0092750608
      0.11082599      0.22441020   -0.0099437240
      0.10529478      0.20816584    -0.010658741
     0.099794439      0.19012560    -0.011393956
     0.094330353      0.16998820    -0.012113976
     0.088909212      0.14738496    -0.012768940
     0.083539377      0.12186141    -0.013296870
     0.078231413     0.092853236    -0.013639618
     0.072998817     0.059655024    -0.013769408
     0.067859027     0.021380085    -0.013706588
     0.062834822    -0.023089906    -0.013509976
      0.12354150      0.29795886   -0.0081411522
      0.11789286      0.28694627   -0.0088681594
      0.11225996      0.27482691   -0.0096802010
      0.10664528      0.26142929    -0.010552900
      0.10105187      0.24654558    -0.011467456
     0.095483470      0.22992184    -0.012397823
     0.089944717      0.21124503    -0.013296952
     0.084441448      0.19012560    -0.014086283
     0.078981081      0.16607398    -0.014662165
     0.073573167      0.13846859    -0.014936326
     0.068230182      0.10651209    -0.014894606
     0.062968656     0.069171499    -0.014612374
      0.12536783      0.34222068   -0.0073283374
      0.11966472      0.33347317   -0.0082188000
      0.11397167      0.32385096   -0.0092014549
      0.10829029      0.31321804    -0.010247323
      0.10262251      0.30140915    -0.011349142
     0.096970705      0.28822171    -0.012501606
     0.091337852      0.27340487    -0.013680986
     0.085727684      0.25664466    -0.014818811
     0.080144964      0.23754348    -0.015775779
     0.074595855      0.21559143    -0.016359003
     0.069088457      0.19012560    -0.016439372
     0.063633602      0.16027153    -0.016078765
      0.12743246      0.38513018   -0.0061522260
      0.12168776      0.37854811   -0.0072734722
      0.11594884      0.37131413   -0.0084767517
      0.11021663      0.36332724   -0.0097187752
      0.10449222      0.35446464    -0.011007528
     0.098776967      0.34457561    -0.012367143
     0.093072559      0.33347317    -0.013816109
     0.087381121      0.32092274    -0.015338519
     0.081705362      0.30662612    -0.016826012
     0.076048795      0.29019893    -0.017995259
     0.070416043      0.27113779    -0.018444232
     0.064813316      0.24877186    -0.018053066
      0.12972401      0.42659793   -0.0044744457
      0.12394968      0.42206380   -0.0059678015
      0.11817814      0.41708668   -0.0074865056
      0.11240984      0.41159862   -0.0089651911
      0.10664528      0.40551705    -0.010439819
      0.10088512      0.39874075    -0.011971104
     0.095130154      0.39114418    -0.013624920
     0.089381384      0.38256988    -0.015461152
     0.083640088      0.37281765    -0.017495467
     0.077907918      0.36162916    -0.019556062
     0.072187050      0.34866543    -0.020959768
     0.066480399      0.33347317    -0.020791976
      0.13223068      0.46656014   -0.0020641082
      0.12643766      0.46394375   -0.0042539583
      0.12064559      0.46107613   -0.0062496272
      0.11485462      0.45791930   -0.0080218520
      0.10906491      0.45442728   -0.0096829845
      0.10327668      0.45054377    -0.011343650
     0.097490195      0.44619919    -0.013109679
     0.091705780      0.44130643    -0.015095955
     0.085923857      0.43575504    -0.017438954
     0.080144964      0.42940287    -0.020274039
     0.074369807      0.42206380    -0.023420426
     0.068599329      0.41348950    -0.024733323
      0.13494047      0.50497673    0.0012721977
      0.12913864      0.50413999   -0.0023127313
      0.12333690      0.50322453   -0.0049133012
      0.11753528      0.50221869   -0.0069940225
      0.11173379      0.50110840   -0.0088217764
      0.10593246      0.49987650    -0.010566158
      0.10013130      0.49850186    -0.012359432
     0.094330353      0.49695814    -0.014332461
     0.088529662      0.49521213    -0.016648087
     0.082729279      0.49322127    -0.019550349
     0.076929273      0.49093020    -0.023459573
     0.071129737      0.48826551    -0.029041124
      0.12064559    -0.024051622   -0.0084274249
      0.12577009    -0.046155219   -0.0080323844
      0.13095120    -0.066519054   -0.0076778450
      0.13618247    -0.085325698   -0.0073578791
      0.14145834     -0.10273529   -0.0070669422
      0.14677399     -0.11888845   -0.0067983045
      0.15212526     -0.13390888   -0.0065424691
      0.15750851     -0.14790557   -0.0062854720
      0.16292058     -0.16097476   -0.0060066582
      0.16835869     -0.17320164   -0.0056749492
      0.17382038     -0.18466178   -0.0052423658
      0.17930351     -0.19542235   -0.0046572538
      0.11573083    -0.050162255   -0.0085361920
      0.12092438    -0.072043881   -0.0080647368
      0.12617105    -0.092114622   -0.0076384450
      0.13146448     -0.11057601   -0.0072550138
      0.13679924     -0.12760295   -0.0069135158
      0.14217068     -0.14334757   -0.0066124358
      0.14757479     -0.15794247   -0.0063475548
      0.15300811     -0.17150355   -0.0061100520
      0.15846764     -0.18413242   -0.0058852823
      0.16395076     -0.19591835   -0.0056528381
      0.16945517     -0.20694005   -0.0053908035
      0.17497887     -0.21726707   -0.0051036082
      0.11090192    -0.078567520   -0.0086704953
      0.11616645     -0.10007333   -0.0081246650
      0.12148004     -0.11970623   -0.0076226999
      0.12683652     -0.13768733   -0.0071661721
      0.13223068     -0.15420639   -0.0067594414
      0.13765808     -0.16942676   -0.0064075235
      0.14311496     -0.18348949   -0.0061132496
      0.14859805     -0.19651685   -0.0058743307
      0.15410457     -0.20861514   -0.0056815469
      0.15963208     -0.21987715   -0.0055194256
      0.16517849     -0.23038409   -0.0053710799
      0.17074194     -0.24020735   -0.0052315454
      0.10617060     -0.10953135   -0.0088283779
      0.11150753     -0.13047058   -0.0082133337
      0.11688889     -0.14948952   -0.0076337510
      0.12230879     -0.16682869   -0.0070948494
      0.12776234     -0.18269205   -0.0066063741
      0.13324541     -0.19725326   -0.0061809262
      0.13875449     -0.21066087   -0.0058306401
      0.14428661     -0.22304243   -0.0055624648
      0.14983921     -0.23450800   -0.0053738886
      0.15541010     -0.24515288   -0.0052518392
      0.16099738     -0.25505998   -0.0051765458
      0.16659940     -0.26430167   -0.0051303716
      0.10155049     -0.14334757   -0.0090112134
      0.10696057     -0.16348497   -0.0083359470
      0.11240984     -0.18167678   -0.0076801708
      0.11789286     -0.19818148   -0.0070518525
      0.12340514     -0.21321551   -0.0064650590
      0.12894292     -0.22696108   -0.0059398799
      0.13450306     -0.23957243   -0.0054999410
      0.14008289     -0.25118083   -0.0051661684
      0.14568015     -0.26189855   -0.0049481078
      0.15129291     -0.27182213   -0.0048377762
      0.15691950     -0.28103490   -0.0048112864
      0.16255848     -0.28960920   -0.0048383713
     0.097057480     -0.18034032   -0.0092238991
      0.10254044     -0.19938764   -0.0085011351
      0.10805682     -0.21649590   -0.0077750430
      0.11360176     -0.23193820   -0.0070549452
      0.11917125     -0.24594018   -0.0063565843
      0.12476203     -0.25868958   -0.0057048104
      0.13037134     -0.27034364   -0.0051345794
      0.13599690     -0.28103490   -0.0046861707
      0.14163676     -0.29087578   -0.0043918347
      0.14728929     -0.29996216   -0.0042588848
      0.15295308     -0.30837626   -0.0042628287
      0.15862693     -0.31618896   -0.0043584420
     0.092710055     -0.22086238   -0.0094752794
     0.098264280     -0.23846921   -0.0087199587
      0.10384570     -0.25418785   -0.0079337549
      0.10945016     -0.26829992   -0.0071262953
      0.11507430     -0.28103490   -0.0063112854
      0.12071535     -0.29258139   -0.0055120721
      0.12637106     -0.30309566   -0.0047687004
      0.13203954     -0.31270816   -0.0041412584
      0.13771922     -0.32152856   -0.0036988878
      0.14340877     -0.32964968   -0.0034877453
      0.14910705     -0.33715055   -0.0034978351
      0.15481310     -0.34409885   -0.0036658621
     0.088529662     -0.26529029   -0.0097792366
     0.094151697     -0.28103490   -0.0090050229
     0.099794439     -0.29500214   -0.0081708262
      0.10545456     -0.30747226   -0.0072872531
      0.11112941     -0.31867040   -0.0063629642
      0.11681685     -0.32877930   -0.0054116750
      0.12251511     -0.33794873   -0.0044644087
      0.12822275     -0.34630247   -0.0035864965
      0.13393858     -0.35394373   -0.0028880195
      0.13966159     -0.36095912   -0.0024940269
      0.14539093     -0.36742190   -0.0024578338
      0.15112589     -0.37339442   -0.0027054647
     0.084541084     -0.31401438    -0.010157178
     0.090225065     -0.32739588   -0.0093702823
     0.095923286     -0.33918945   -0.0084966753
      0.10163335     -0.34965915   -0.0075515512
      0.10735337     -0.35901409   -0.0065379592
      0.11308184     -0.36742190   -0.0054544327
      0.11881752     -0.37501847   -0.0043071717
      0.12455944     -0.38191504   -0.0031339520
      0.13030675     -0.38820352   -0.0020481234
      0.13605878     -0.39396051   -0.0012758292
      0.14181496     -0.39925032   -0.0010554587
      0.14757479     -0.40412734   -0.0013778363
     0.080772740     -0.36742190    -0.010643037
     0.086509708     -0.37785557   -0.0098311526
     0.092254922     -0.38699060   -0.0089145954
     0.098006931     -0.39505398   -0.0079192035
      0.10376461     -0.40222294   -0.0068430715
      0.10952705     -0.40863786   -0.0056694245
      0.11529356     -0.41441129   -0.0043745076
      0.12106354     -0.41963456   -0.0029413699
      0.12683652     -0.42438247   -0.0014038156
      0.13261211     -0.42871690   2.6486800e-05
      0.13838999     -0.43268948   0.00080121971
      0.14416987     -0.43634358   0.00049294102
     0.077256866     -0.42587049    -0.011291672
     0.083033992     -0.43268948    -0.010399811
     0.088814477     -0.43862109   -0.0094148229
     0.094597705     -0.44382761   -0.0083718736
      0.10038320     -0.44843409   -0.0072588324
      0.10617060     -0.45253846   -0.0060456763
      0.11195959     -0.45621843   -0.0046876953
      0.11774996     -0.45953653   -0.0031230036
      0.12354150     -0.46254355   -0.0012759544
      0.12933406     -0.46528124   0.00088388377
      0.13512750     -0.46778420    0.0029511495
      0.14092172     -0.47008135    0.0032280086
     0.074029439     -0.48965004    -0.012168952
     0.079829224     -0.49211735    -0.011047068
     0.085629428     -0.49425041   -0.0099549603
     0.091429973     -0.49611283   -0.0088666464
     0.097230797     -0.49775303   -0.0077403622
      0.10303185     -0.49920853   -0.0065332669
      0.10883310     -0.50050887   -0.0051931232
      0.11463452     -0.50167759   -0.0036466961
      0.12043608     -0.50273372   -0.0017810300
      0.12623776     -0.50369278   0.00059047198
      0.13203954     -0.50456755    0.0037728705
      0.13784142     -0.50536868    0.0072596764
      0.12064559      -1.0231459    -0.014246140
      0.11573083     -0.99703530    -0.014055346
      0.11090192     -0.96863003    -0.013850151
      0.10617060     -0.93766620    -0.013647104
      0.10155049     -0.90384998    -0.013460274
     0.097057480     -0.86685723    -0.013300757
     0.092710055     -0.82633517    -0.013176212
     0.088529662     -0.78190727    -0.013090662
     0.084541084     -0.73318317    -0.013044810
     0.080772740     -0.67977565    -0.013036915
     0.077256866     -0.62132707    -0.013064082
     0.074029439     -0.55754751    -0.013122706
      0.12577009      -1.0010423    -0.013879054
      0.12092438     -0.97515367    -0.013662788
      0.11616645     -0.94712422    -0.013424123
      0.11150753     -0.91672697    -0.013183884
      0.10696057     -0.88371258    -0.012961887
      0.10254044     -0.84780991    -0.012775806
     0.098264280     -0.80872834    -0.012639595
     0.094151697     -0.76616265    -0.012561984
     0.090225065     -0.71980168    -0.012545758
     0.086509708     -0.66934198    -0.012588133
     0.083033992     -0.61450807    -0.012681289
     0.079829224     -0.55508020    -0.012808250
      0.13095120     -0.98067850    -0.013579622
      0.12617105     -0.95508293    -0.013325603
      0.12148004     -0.92749132    -0.013038553
      0.11688889     -0.89770804    -0.012742324
      0.11240984     -0.86552078    -0.012461884
      0.10805682     -0.83070165    -0.012222044
      0.10384570     -0.79300970    -0.012044816
     0.099794439     -0.75219541    -0.011945944
     0.095923286     -0.70800810    -0.011931878
     0.092254922     -0.66020695    -0.011998465
     0.088814477     -0.60857646    -0.012131006
     0.085629428     -0.55294714    -0.012302503
      0.13618247     -0.96187185    -0.013370598
      0.13146448     -0.93662154    -0.013066642
      0.12683652     -0.90951022    -0.012716183
      0.12230879     -0.88036886    -0.012344266
      0.11789286     -0.84901607    -0.011979491
      0.11360176     -0.81525936    -0.011653616
      0.10945016     -0.77889763    -0.011398709
      0.10545456     -0.73972529    -0.011241553
      0.10163335     -0.69753840    -0.011196866
     0.098006931     -0.65214357    -0.011262487
     0.094597705     -0.60336994    -0.011418792
     0.091429973     -0.55108472    -0.011631163
      0.14145834     -0.94446226    -0.013276875
      0.13679924     -0.91959460    -0.012911702
      0.13223068     -0.89299116    -0.012484250
      0.12776234     -0.86450551    -0.012018435
      0.12340514     -0.83398204    -0.011543517
      0.11917125     -0.80125737    -0.011096040
      0.11507430     -0.76616265    -0.010718880
      0.11112941     -0.72852715    -0.010455037
      0.10735337     -0.68818346    -0.010336048
      0.10376461     -0.64497461    -0.010369858
      0.10038320     -0.59876346    -0.010535970
     0.097230797     -0.54944452    -0.010791111
      0.14677399     -0.92830910    -0.013325761
      0.14217068     -0.90384998    -0.012888658
      0.13765808     -0.87777079    -0.012372697
      0.13324541     -0.84994429    -0.011798630
      0.12894292     -0.82023647    -0.011191983
      0.12476203     -0.78850797    -0.010588609
      0.12071535     -0.75461616    -0.010038736
      0.11681685     -0.71841825   -0.0096048125
      0.11308184     -0.67977565   -0.0093475746
      0.10952705     -0.63855970   -0.0093016193
      0.10617060     -0.59465910   -0.0094559273
      0.10303185     -0.54798902   -0.0097569808
      0.15212526     -0.91328867    -0.013548631
      0.14757479     -0.88925508    -0.013027139
      0.14311496     -0.86370806    -0.012411788
      0.13875449     -0.83653668    -0.011719988
      0.13450306     -0.80762512    -0.010968879
      0.13037134     -0.77685391    -0.010184843
      0.12637106     -0.74410189   -0.0094145506
      0.12251511     -0.70924883   -0.0087339189
      0.11881752     -0.67217908   -0.0082433279
      0.11529356     -0.63278626   -0.0080335417
      0.11195959     -0.59097912   -0.0081317994
      0.10883310     -0.54668868   -0.0084789690
      0.15750851     -0.89929199    -0.013985133
      0.15300811     -0.87569400    -0.013359504
      0.14859805     -0.85068070    -0.012629603
      0.14428661     -0.82415512    -0.011813276
      0.14008289     -0.79601672    -0.010916313
      0.13599690     -0.76616265   -0.0099462460
      0.13203954     -0.73448939   -0.0089285640
      0.12822275     -0.70089508   -0.0079290168
      0.12455944     -0.66528251   -0.0070766609
      0.12106354     -0.62756299   -0.0065526152
      0.11774996     -0.58766102   -0.0064940138
      0.11463452     -0.54551996   -0.0068727590
      0.16292058     -0.88622279    -0.014692044
      0.15846764     -0.86306513    -0.013923694
      0.15410457     -0.83858241    -0.013049748
      0.14983921     -0.81268955    -0.012098247
      0.14568015     -0.78529900    -0.011062645
      0.14163676     -0.75632177   -0.0099254967
      0.13771922     -0.72566899   -0.0086754080
      0.13393858     -0.69325382   -0.0073316871
      0.13030675     -0.65899403   -0.0059940599
      0.12683652     -0.62281508   -0.0049136805
      0.12354150     -0.58465400   -0.0044601388
      0.12043608     -0.54446383   -0.0047986595
      0.16835869     -0.87399591    -0.015761114
      0.16395076     -0.85127920    -0.014766455
      0.15963208     -0.82732041    -0.013687250
      0.15541010     -0.80204467    -0.012576674
      0.15129291     -0.77537543    -0.011410688
      0.14728929     -0.74723539    -0.010143463
      0.14340877     -0.71754787   -0.0087232113
      0.13966159     -0.68623843   -0.0071028760
      0.13605878     -0.65323704   -0.0052747624
      0.13261211     -0.61848065   -0.0033908023
      0.12933406     -0.58191631   -0.0020259660
      0.12623776     -0.54350478   -0.0020257486
      0.17382038     -0.86253578    -0.017355450
      0.16945517     -0.84025751    -0.015932291
      0.16517849     -0.81681346    -0.014531770
      0.16099738     -0.79213757    -0.013221702
      0.15691950     -0.76616265    -0.011929919
      0.15295308     -0.73882129    -0.010574259
      0.14910705     -0.71004701   -0.0090701531
      0.14539093     -0.67977565   -0.0073213705
      0.14181496     -0.64794723   -0.0052122935
      0.13838999     -0.61450807   -0.0026342468
      0.13512750     -0.57941335   0.00025011932
      0.13203954     -0.54263000    0.0017713018
      0.17930351     -0.85177521    -0.019746126
      0.17497887     -0.82993048    -0.017329883
      0.17074194     -0.80699020    -0.015483248
      0.16659940     -0.78289588    -0.013954128
      0.16255848     -0.75758835    -0.012551629
      0.15862693     -0.73100859    -0.011148337
      0.15481310     -0.70309870   -0.0096387362
      0.15112589     -0.67380313   -0.0079115239
      0.14757479     -0.64307021   -0.0058217486
      0.14416987     -0.61085397   -0.0031489905
      0.14092172     -0.57711621   0.00047529179
      0.13784142     -0.54182887    0.0054977818
      0.11810689      -1.0594810    -0.014741142
      0.11832053      -1.1085407    -0.015330068
      0.11881752      -1.1573068    -0.015943508
      0.11959435      -1.2055531    -0.016607608
      0.12064559      -1.2530678    -0.017354713
      0.12196416      -1.2996585    -0.018227375
      0.12354150      -1.3451564    -0.019284147
      0.12536783      -1.3894182    -0.020608996
      0.12743246      -1.4323277    -0.022328067
      0.12972401      -1.4737955    -0.024641327
      0.13223068      -1.5137577    -0.027878080
      0.13494047      -1.5521743    -0.032328799
      0.11308184      -1.0343682    -0.014574410
      0.11315626      -1.0856686    -0.015186273
      0.11352763      -1.1367673    -0.015808249
      0.11419305      -1.1874017    -0.016460739
      0.11514743      -1.2373232    -0.017168154
      0.11638365      -1.2863043    -0.017962249
      0.11789286      -1.3341438    -0.018886160
      0.11966472      -1.3806707    -0.019999263
      0.12168776      -1.4257457    -0.021382361
      0.12394968      -1.4692613    -0.023138326
      0.12643766      -1.5111413    -0.025355215
      0.12913864      -1.5513375    -0.027825102
      0.10813470      -1.0069391    -0.014392195
      0.10805682      -1.0606235    -0.015021687
      0.10829029      -1.1142307    -0.015651028
      0.10883310      -1.1674552    -0.016294728
      0.10968067      -1.2200044    -0.016969079
      0.11082599      -1.2716078    -0.017694942
      0.11225996      -1.3220245    -0.018500705
      0.11397167      -1.3710485    -0.019424525
      0.11594884      -1.4185117    -0.020513686
      0.11817814      -1.4642842    -0.021815084
      0.12064559      -1.5082737    -0.023337715
      0.12333690      -1.5504221    -0.024933760
      0.10327668     -0.97690498    -0.014207613
      0.10303185      -1.0331168    -0.014848571
      0.10311353      -1.0894176    -0.015484834
      0.10352093      -1.1454521    -0.016125232
      0.10425025      -1.2008751    -0.016778280
      0.10529478      -1.2553634    -0.017454552
      0.10664528      -1.3086268    -0.018169413
      0.10829029      -1.3604156    -0.018945034
      0.11021663      -1.4105248    -0.019809155
      0.11240984      -1.4587962    -0.020786248
      0.11485462      -1.5051169    -0.021873578
      0.11753528      -1.5494162    -0.022991576
     0.098520957     -0.94393914    -0.014030421
     0.098092789      -1.0028152    -0.014674557
     0.098006931      -1.0620003    -0.015316193
     0.098264280      -1.1210821    -0.015959062
     0.098862156      -1.1796521    -0.016604690
     0.099794439      -1.2373232    -0.017254133
      0.10105187      -1.2937431    -0.017910665
      0.10262251      -1.3486067    -0.018582922
      0.10449222      -1.4016622    -0.019286055
      0.10664528      -1.4527146    -0.020036659
      0.10906491      -1.5016248    -0.020837725
      0.11173379      -1.5483060    -0.021653411
     0.093883075     -0.90767348    -0.013867264
     0.093253282     -0.96933498    -0.014503438
     0.092982065      -1.0315948    -0.015146245
     0.093072559      -1.0939756    -0.015795263
     0.093523713      -1.1559947    -0.016446486
     0.094330353      -1.2171858    -0.017092921
     0.095483470      -1.2771194    -0.017726326
     0.096970705      -1.3354193    -0.018341203
     0.098776967      -1.3917732    -0.018939978
      0.10088512      -1.4459383    -0.019534188
      0.10327668      -1.4977413    -0.020135605
      0.10593246      -1.5470741    -0.020738041
     0.089381384     -0.86769763    -0.013722069
     0.088529662     -0.93223663    -0.014336345
     0.088052924     -0.99775072    -0.014972588
     0.087957266      -1.0636918    -0.015627238
     0.088243928      -1.1294899    -0.016292847
     0.088909212      -1.1945825    -0.016957355
     0.089944717      -1.2584426    -0.017603318
     0.091337852      -1.3206024    -0.018209974
     0.093072559      -1.3806707    -0.018761154
     0.095130154      -1.4383417    -0.019256475
     0.097490195      -1.4933967    -0.019713173
      0.10013130      -1.5456994    -0.020149643
     0.085037513     -0.82356093    -0.013596505
     0.083941494     -0.89102068    -0.014173067
     0.083236514     -0.95994235    -0.014791741
     0.082932545      -1.0297039    -0.015446238
     0.083033992      -1.0996358    -0.016127605
     0.083539377      -1.1690590    -0.016822988
     0.084441448      -1.2373232    -0.017511868
     0.085727684      -1.3038422    -0.018162195
     0.087381121      -1.3681203    -0.018732973
     0.089381384      -1.4297674    -0.019193306
     0.091705780      -1.4885040    -0.019549963
     0.094330353      -1.5441557    -0.019844556
     0.080876896     -0.77477960    -0.013490380
     0.079512230     -0.84512734    -0.014013151
     0.078553575     -0.91755929    -0.014601627
     0.078015899     -0.99138298    -0.015245737
     0.077907918      -1.0658196    -0.015935542
     0.078231413      -1.1400508    -0.016660884
     0.078981081      -1.2132715    -0.017406612
     0.080144964      -1.2847410    -0.018143233
     0.081705362      -1.3538237    -0.018813970
     0.083640088      -1.4200152    -0.019335648
     0.085923857      -1.4829526    -0.019654828
     0.088529662      -1.5424097    -0.019819822
     0.076929273     -0.72085204    -0.013401873
     0.075269928     -0.79394241    -0.013856567
     0.074029439     -0.86990125    -0.014403402
     0.073229098     -0.94798125    -0.015025217
     0.072883404      -1.0272916    -0.015709623
     0.072998817      -1.1068526    -0.016449609
     0.073573167      -1.1856661    -0.017240058
     0.074595855      -1.2627890    -0.018069995
     0.076048795      -1.3373965    -0.018902798
     0.077907918      -1.4088267    -0.019631307
     0.080144964      -1.4766004    -0.020058347
     0.082729279      -1.5404188    -0.020117285
     0.073229098     -0.66128611    -0.013327646
     0.071247991     -0.73681429    -0.013704640
     0.069695040     -0.81618017    -0.014202808
     0.068599329     -0.89861725    -0.014792044
     0.067982971     -0.98313530    -0.015455300
     0.067859027      -1.0685776    -0.016186541
     0.068230182      -1.1537096    -0.016987980
     0.069088457      -1.2373232    -0.017867926
     0.070416043      -1.3183353    -0.018834858
     0.072187050      -1.3958630    -0.019864791
     0.074369807      -1.4692613    -0.020734667
     0.076929273      -1.5381277    -0.020848617
     0.069815724     -0.59564266    -0.013264367
     0.067485831     -0.67308829    -0.013564734
     0.065588004     -0.75553697    -0.014012823
     0.064160597     -0.84226918    -0.014561697
     0.063235473     -0.93223663    -0.015189584
     0.062834822      -1.0241076    -0.015889237
     0.062968656      -1.1163691    -0.016664120
     0.063633602      -1.2074691    -0.017528628
     0.064813316      -1.2959694    -0.018512115
     0.066480399      -1.3806707    -0.019668014
     0.068599329      -1.4606871    -0.021078040
     0.071129737      -1.5354631    -0.022250373
      0.12313197      -1.0589797    -0.014602814
      0.12815708      -1.0358774    -0.014219243
      0.13324541      -1.0145290    -0.013903582
      0.13838999     -0.99475928    -0.013677694
      0.14358476     -0.97641334    -0.013564857
      0.14882449     -0.95935382    -0.013590231
      0.15410457     -0.94345895    -0.013782479
      0.15942100     -0.92862067    -0.014177232
      0.16477026     -0.91474295    -0.014823198
      0.17014926     -0.90174030    -0.015789787
      0.17555525     -0.88953649    -0.017153441
      0.18098583     -0.87806342    -0.018660659
      0.12333690      -1.1060428    -0.015152409
      0.12822275      -1.0811463    -0.014709222
      0.13318222      -1.0580905    -0.014323311
      0.13820737      -1.0367007    -0.014016101
      0.14329131      -1.0168200    -0.013809443
      0.14842800     -0.99830855    -0.013725535
      0.15361213     -0.98104093    -0.013787166
      0.15883907     -0.96490521    -0.014018365
      0.16410473     -0.94980126    -0.014444714
      0.16940548     -0.93563947    -0.015088876
      0.17473815     -0.92233952    -0.015941554
      0.18009990     -0.90982937    -0.016835715
      0.12381377      -1.1528466    -0.015729451
      0.12855060      -1.1262765    -0.015214515
      0.13337171      -1.1016108    -0.014745399
      0.13826827      -1.0786790    -0.014344680
      0.14323255      -1.0573262    -0.014034540
      0.14825775      -1.0374123    -0.013836448
      0.15333787      -1.0188109    -0.013770414
      0.15846764      -1.0014081    -0.013853739
      0.16364239     -0.98510130    -0.014098844
      0.16885797     -0.96979797    -0.014507667
      0.17411073     -0.95541480    -0.015054755
      0.17939739     -0.94187669    -0.015644904
      0.12455944      -1.1991907    -0.016362484
      0.12913864      -1.1710863    -0.015762515
      0.13381282      -1.1449258    -0.015195302
      0.13857236      -1.1205467    -0.014685870
      0.14340877      -1.0977991    -0.014258114
      0.14831452      -1.0765459    -0.013935061
      0.15328296      -1.0566620    -0.013737812
      0.15830819      -1.0380335    -0.013682868
      0.16338496      -1.0205569    -0.013778206
      0.16850863      -1.0041383    -0.014018327
      0.17367503     -0.98869263    -0.014376472
      0.17888046     -0.97414255    -0.014791136
      0.12556912      -1.2448866    -0.017086214
      0.12998333      -1.2154020    -0.016385194
      0.13450306      -1.1878763    -0.015702273
      0.13911804      -1.1621585    -0.015065741
      0.14381909      -1.1381068    -0.014501404
      0.14859805      -1.1155899    -0.014034839
      0.15344764      -1.0944861    -0.013691540
      0.15836136      -1.0746835    -0.013493497
      0.16333343      -1.0560796    -0.013452465
      0.16835869      -1.0385806    -0.013562900
      0.17343250      -1.0221006    -0.013797825
      0.17855073      -1.0065615    -0.014107608
      0.12683652      -1.2897614    -0.017944939
      0.13107971      -1.2590610    -0.017121102
      0.13543864      -1.2303109    -0.016300647
      0.13990249      -1.2033744    -0.015515776
      0.14446154      -1.1781207    -0.014792593
      0.14910705      -1.1544263    -0.014157283
      0.15383119      -1.1321752    -0.013640206
      0.15862693      -1.1112598    -0.013274569
      0.16348798      -1.0915799    -0.013086656
      0.16840868      -1.0730433    -0.013080718
      0.17338395      -1.0555648    -0.013230222
      0.17840922      -1.0390660    -0.013483175
      0.12835399      -1.3336620    -0.018997525
      0.13242153      -1.3019156    -0.018017266
      0.13661451      -1.2720893    -0.017029662
      0.14092172      -1.2440625    -0.016072205
      0.14533302      -1.2177175    -0.015167828
      0.14983921      -1.1929408    -0.014337205
      0.15443199      -1.1696241    -0.013609596
      0.15910385      -1.1476653    -0.013029692
      0.16384803      -1.1269687    -0.012651500
      0.16865843      -1.1074447    -0.012510481
      0.17352955      -1.0890101    -0.012590913
      0.17845640      -1.0715878    -0.012826817
      0.13011279      -1.3764565    -0.020325539
      0.13400142      -1.3438352    -0.019131236
      0.13802452      -1.3130845    -0.017931391
      0.14217068      -1.2841012    -0.016771728
      0.14642945      -1.2567819    -0.015666904
      0.15079129      -1.2310249    -0.014622451
      0.15524751      -1.2067311    -0.013652299
      0.15979021      -1.1838057    -0.012797719
      0.16441223      -1.1621585    -0.012142727
      0.16910706      -1.1417040    -0.011792599
      0.17386881      -1.1223622    -0.011787541
      0.17869211      -1.1040581    -0.012044559
      0.13210329      -1.4180357    -0.022047117
      0.13581107      -1.3847081    -0.020532218
      0.13966159      -1.3531848    -0.019045580
      0.14364338      -1.3233808    -0.017643157
      0.14774583      -1.2952081    -0.016322156
      0.15195916      -1.2685774    -0.015062001
      0.15627440      -1.2434005    -0.013844556
      0.16068334      -1.2195907    -0.012675999
      0.16517849      -1.1970647    -0.011629399
      0.16975298      -1.1757423    -0.010896821
      0.17440059      -1.1555477    -0.010703731
      0.17911561      -1.1364088    -0.011015500
      0.13431517      -1.4583133    -0.024337932
      0.13784142      -1.4244417    -0.022293076
      0.14151784      -1.3922947    -0.020396006
      0.14533302      -1.3618053    -0.018694157
      0.14927633      -1.3329010    -0.017142876
      0.15333787      -1.3055060    -0.015682473
      0.15750851      -1.2795432    -0.014254150
      0.16177981      -1.2549354    -0.012806811
      0.16614400      -1.2316069    -0.011325616
      0.17059396      -1.2094839   -0.0099501033
      0.17512315      -1.1884954   -0.0092100810
      0.17972557      -1.1685734   -0.0095530781
      0.13673769      -1.4972251    -0.027429312
      0.14008289      -1.4629631    -0.024431402
      0.14358476      -1.4303355    -0.021950357
      0.14723213      -1.3992928    -0.019888859
      0.15101444      -1.3697778    -0.018099828
      0.15492181      -1.3417281    -0.016466551
      0.15894503      -1.3150784    -0.014891553
      0.16307552      -1.2897614    -0.013279607
      0.16730534      -1.2657098    -0.011523900
      0.17162713      -1.2428568   -0.0095206144
      0.17603413      -1.2211372   -0.0074744699
      0.18052009      -1.2004877   -0.0073213716
      0.13935988      -1.5347276    -0.030985353
      0.14252552      -1.5002178    -0.026621461
      0.14585341      -1.4672450    -0.023516378
      0.14933271      -1.4357757    -0.021110180
      0.15295308      -1.4057676    -0.019112298
      0.15670476      -1.3771716    -0.017348084
      0.16057853      -1.3499339    -0.015693363
      0.16456577      -1.3239976    -0.014038857
      0.16865843      -1.2993041    -0.012261620
      0.17284904      -1.2757942    -0.010187041
      0.17713063      -1.2534089   -0.0075129699
      0.18149677      -1.2320904   -0.0036104276
