    0.0029014425      0.52359878    -0.015135905
    0.0076764953       1.2373232    -0.016014024
     0.013296080       1.3806707    -0.016817184
     0.019026031       1.4383417    -0.017527168
     0.024789936       1.4692613    -0.018127558
     0.030568593       1.4885040    -0.018605491
     0.036354970       1.5016248    -0.018952634
     0.042145887       1.5111413    -0.019164964
     0.047939698       1.5183581    -0.019240956
     0.053735467       1.5240183    -0.019177753
     0.059532623       1.5285763    -0.018964218
     0.065330796       1.5323253    -0.018571374
    0.0076764953     -0.19012560    -0.014381093
    0.0087043275      0.52359878    -0.015343277
     0.012647095      0.93223663    -0.016237659
     0.017648786       1.1294899    -0.017043422
     0.023029486       1.2373232    -0.017741153
     0.028575895       1.3038422    -0.018314910
     0.034207502       1.3486067    -0.018753878
     0.039888240       1.3806707    -0.019053123
     0.045599748       1.4047223    -0.019213081
     0.051331758       1.4234114    -0.019238035
     0.057078092       1.4383417    -0.019136194
     0.062834822       1.4505387    -0.018938015
     0.013296080     -0.33347317    -0.013584498
     0.012647095      0.11496092    -0.014646310
     0.014507212      0.52359878    -0.015651063
     0.018119503      0.80463368    -0.016573311
     0.022660990      0.98313530    -0.017388466
     0.027677997       1.0996358    -0.018075076
     0.032954052       1.1796521    -0.018617434
     0.038382476       1.2373232    -0.019007875
     0.043906792       1.2805974    -0.019247894
     0.049494901       1.3141517    -0.019347916
     0.055127407       1.3408745    -0.019327811
     0.060791971       1.3626305    -0.019224666
     0.019026031     -0.39114418    -0.012713569
     0.017648786    -0.082292343    -0.013890474
     0.018119503      0.24256387    -0.015026944
     0.020310097      0.52359878    -0.016091363
     0.023749330      0.73681429    -0.017052252
     0.027980498      0.89102068    -0.017880000
     0.032697596       1.0028152    -0.018550186
     0.037718752       1.0856686    -0.019048098
     0.042937428       1.1487325    -0.019372619
     0.048289627       1.1979787    -0.019537518
     0.053735467       1.2373232    -0.019570236
     0.059249132       1.2693872    -0.019511143
     0.024789936     -0.42206380    -0.011727213
     0.023029486     -0.19012560    -0.013035281
     0.022660990     0.064062249    -0.014326665
     0.023749330      0.31038327    -0.015562785
     0.026112982      0.52359878    -0.016705035
     0.029446425      0.69510233    -0.017714219
     0.033461067      0.82868530    -0.018553028
     0.037941284      0.93223663    -0.019192727
     0.042740917       1.0132488    -0.019622091
     0.047763772       1.0775751    -0.019853349
     0.052946357       1.1294899    -0.019920800
     0.058246052       1.1720556    -0.019873387
     0.030568593     -0.44130643    -0.010571658
     0.028575895     -0.25664466    -0.012029997
     0.027677997    -0.052438271    -0.013501802
     0.027980498      0.15617687    -0.014941167
     0.029446425      0.35209522    -0.016304577
     0.031915867      0.52359878    -0.017545408
     0.035178121      0.66694634    -0.018611832
     0.039034916      0.78401695    -0.019452652
     0.043327776      0.87899313    -0.020032753
     0.047939698      0.95628825    -0.020350960
     0.052787119       1.0197116    -0.020445745
     0.057810832       1.0722945    -0.020382335
     0.036354970     -0.45442728   -0.0091746292
     0.034207502     -0.30140915    -0.010811350
     0.032954052     -0.13245460    -0.012494452
     0.032697596     0.044382395    -0.014169316
     0.033461067      0.21851225    -0.015792269
     0.035178121      0.38025121    -0.017317342
     0.037718752      0.52359878    -0.018684568
     0.040929883      0.64669121    -0.019816544
     0.044667139      0.75055985    -0.020634215
     0.048809818      0.83761316    -0.021094998
     0.053263404      0.91058938    -0.021226749
     0.057956268      0.97203287    -0.021119446
     0.042145887     -0.46394375   -0.0074358151
     0.039888240     -0.33347317   -0.0093004935
     0.038382476     -0.19012560    -0.011239667
     0.037718752    -0.038471027    -0.013184893
     0.037941284      0.11496092    -0.015098353
     0.039034916      0.26318061    -0.016948618
     0.040929883      0.40050634    -0.018686921
     0.043521637      0.52359878    -0.020224510
     0.046694298      0.63143204    -0.021425883
     0.050338146      0.72461735    -0.022154228
     0.054358508      0.80463368    -0.022372574
     0.058678043      0.87325792    -0.022193812
     0.047939698     -0.47116050   -0.0052098194
     0.045599748     -0.35752479   -0.0073984505
     0.043906792     -0.23339984   -0.0096701512
     0.042937428     -0.10153498    -0.011931355
     0.042740917     0.033948732    -0.014157103
     0.043327776      0.16820442    -0.016346520
     0.044667139      0.29663770    -0.018490243
     0.046694298      0.41576552    -0.020532448
     0.049324522      0.52359878    -0.022317730
     0.052467195      0.61952847    -0.023567417
     0.056036162      0.70393909    -0.024030459
     0.059955345      0.77778663    -0.023768157
     0.053735467     -0.47682074   -0.0022748059
     0.051331758     -0.37621381   -0.0049826909
     0.049494901     -0.26695412   -0.0077262652
     0.048289627     -0.15078113    -0.010374003
     0.047763772    -0.030377509    -0.012930124
     0.047939698     0.090909298    -0.015440664
     0.048809818      0.20958439    -0.017957121
     0.050338146      0.32258020    -0.020507265
     0.052467195      0.42766908    -0.023028071
     0.055127407      0.52359878    -0.025206534
     0.058246052      0.60998578    -0.026366761
     0.061753712      0.68708375    -0.026106495
     0.059532623     -0.48137874    0.0017215221
     0.057078092     -0.39114418   -0.0019270755
     0.055127407     -0.29367693   -0.0053868028
     0.053735467     -0.19012560   -0.0085248565
     0.052946357    -0.082292343    -0.011431010
     0.052787119     0.027485946    -0.014222676
     0.053263404      0.13660817    -0.017017004
     0.054358508      0.24256387    -0.019932232
     0.056036162      0.34325846    -0.023075574
     0.058246052      0.43721177    -0.026429610
     0.060930292      0.52359878    -0.029296187
     0.064029255      0.60216630    -0.029666956
     0.065330796     -0.48512775    0.0072672205
     0.062834822     -0.40334111    0.0017258004
     0.060791971     -0.31543293   -0.0027703897
     0.059249132     -0.22218963   -0.0064898541
     0.058246052     -0.12485803   -0.0097475106
     0.057810832    -0.025096915    -0.012766435
     0.057956268     0.075164683    -0.015722523
     0.058678043      0.17393963    -0.018785121
     0.059955345      0.26941092    -0.022155631
     0.061753712      0.36011380    -0.026111532
     0.064029255      0.44503126    -0.030983129
     0.066733177      0.52359878    -0.035131356
    0.0029014425       2.6179939    -0.015446722
    0.0076764953      -2.9514671    -0.015368682
     0.013296080      -2.8081195    -0.015329728
     0.019026031      -2.7504485    -0.015312864
     0.024789936      -2.7195289    -0.015303532
     0.030568593      -2.7002862    -0.015290140
     0.036354970      -2.6871654    -0.015264697
     0.042145887      -2.6776489    -0.015223091
     0.047939698      -2.6704321    -0.015164719
     0.053735467      -2.6647719    -0.015091606
     0.059532623      -2.6602139    -0.015008292
     0.065330796      -2.6564649    -0.014933181
    0.0076764953       1.9042695    -0.016290325
    0.0087043275       2.6179939    -0.016222577
     0.012647095       3.0266317    -0.016200586
     0.017648786      -3.0593003    -0.016202008
     0.023029486      -2.9514671    -0.016204963
     0.028575895      -2.8849480    -0.016189701
     0.034207502      -2.8401835    -0.016140959
     0.039888240      -2.8081195    -0.016050058
     0.045599748      -2.7840679    -0.015915811
     0.051331758      -2.7653788    -0.015744361
     0.057078092      -2.7504485    -0.015550798
     0.062834822      -2.7382515    -0.015370666
     0.013296080       1.7609219    -0.017061801
     0.012647095       2.2093560    -0.017016945
     0.014507212       2.6179939    -0.017028065
     0.018119503       2.8990288    -0.017069879
     0.022660990       3.0775304    -0.017114272
     0.027677997      -3.0891544    -0.017132522
     0.032954052      -3.0091381    -0.017099581
     0.038382476      -2.9514671    -0.016999226
     0.043906792      -2.9081928    -0.016827945
     0.049494901      -2.8746385    -0.016596211
     0.055127407      -2.8479157    -0.016328546
     0.060791971      -2.8261597    -0.016065709
     0.019026031       1.7032509    -0.017743044
     0.017648786       2.0121028    -0.017732294
     0.018119503       2.3369590    -0.017790937
     0.020310097       2.6179939    -0.017894217
     0.023749330       2.8312094    -0.018010225
     0.027980498       2.9854158    -0.018101292
     0.032697596       3.0972103    -0.018129266
     0.037718752      -3.1031216    -0.018064463
     0.042937428      -3.0400577    -0.017894973
     0.048289627      -2.9908115    -0.017631462
     0.053735467      -2.9514671    -0.017305432
     0.059249132      -2.9194030    -0.016963419
     0.024789936       1.6723313    -0.018317230
     0.023029486       1.9042695    -0.018348511
     0.022660990       2.1584574    -0.018464583
     0.023749330       2.4047784    -0.018645748
     0.026112982       2.6179939    -0.018860971
     0.029446425       2.7894974    -0.019066334
     0.033461067       2.9230804    -0.019208360
     0.037941284       3.0266317    -0.019235368
     0.042740917       3.1076439    -0.019115220
     0.047763772      -3.1112151    -0.018849805
     0.052946357      -3.0593003    -0.018475566
     0.058246052      -3.0167346    -0.018050209
     0.030568593       1.6530887    -0.018770902
     0.028575895       1.8377504    -0.018847839
     0.027677997       2.0419568    -0.019024605
     0.027980498       2.2505720    -0.019291331
     0.029446425       2.4464903    -0.019624807
     0.031915867       2.6179939    -0.019982434
     0.035178121       2.7613414    -0.020298739
     0.039034916       2.8784120    -0.020492376
     0.043327776       2.9733882    -0.020491398
     0.047939698       3.0506834    -0.020268754
     0.052787119       3.1141067    -0.019859149
     0.057810832      -3.1164957    -0.019340058
     0.036354970       1.6399678    -0.019095287
     0.034207502       1.7929860    -0.019217618
     0.032954052       1.9619405    -0.019451282
     0.032697596       2.1387775    -0.019799571
     0.033461067       2.3129074    -0.020254452
     0.035178121       2.4746463    -0.020787152
     0.037718752       2.6179939    -0.021334838
     0.040929883       2.7410863    -0.021790664
     0.044667139       2.8449550    -0.022019770
     0.048809818       2.9320083    -0.021922309
     0.053263404       3.0049845    -0.021504568
     0.057956268       3.0664280    -0.020874187
     0.042145887       1.6304514    -0.019286411
     0.039888240       1.7609219    -0.019452100
     0.038382476       1.9042695    -0.019733939
     0.037718752       2.0559241    -0.020148623
     0.037941284       2.2093560    -0.020707485
     0.039034916       2.3575757    -0.021407913
     0.040929883       2.4949014    -0.022215251
     0.043521637       2.6179939    -0.023030181
     0.046694298       2.7258271    -0.023657443
     0.050338146       2.8190125    -0.023851345
     0.054358508       2.8990288    -0.023497579
     0.058678043       2.9676530    -0.022730450
     0.047939698       1.6232346    -0.019343780
     0.045599748       1.7368703    -0.019552915
     0.043906792       1.8609953    -0.019873783
     0.042937428       1.9928601    -0.020333506
     0.042740917       2.1283438    -0.020961379
     0.043327776       2.2625995    -0.021784715
     0.044667139       2.3910328    -0.022817580
     0.046694298       2.5101606    -0.024026056
     0.049324522       2.6179939    -0.025242029
     0.052467195       2.7139236    -0.026052389
     0.056036162       2.7983342    -0.025975296
     0.059955345       2.8721817    -0.025046419
     0.053735467       1.6175744    -0.019268174
     0.051331758       1.7181813    -0.019529041
     0.049494901       1.8274410    -0.019884661
     0.048289627       1.9436140    -0.020369202
     0.047763772       2.0640176    -0.021024808
     0.047939698       2.1853044    -0.021901030
     0.048809818       2.3039795    -0.023056181
     0.050338146       2.4169753    -0.024548913
     0.052467195       2.5220642    -0.026381476
     0.055127407       2.6179939    -0.028258739
     0.058246052       2.7043809    -0.029108190
     0.061753712       2.7814789    -0.028070461
     0.059532623       1.6130164    -0.019063114
     0.057078092       1.7032509    -0.019400709
     0.055127407       1.8007182    -0.019793816
     0.053735467       1.9042695    -0.020288578
     0.052946357       2.0121028    -0.020936446
     0.052787119       2.1218810    -0.021796861
     0.053263404       2.2310033    -0.022947172
     0.054358508       2.3369590    -0.024496986
     0.056036162       2.4376536    -0.026604460
     0.058246052       2.5316069    -0.029447001
     0.060930292       2.6179939    -0.032604002
     0.064029255       2.6965614    -0.032280687
     0.065330796       1.6092674    -0.018788783
     0.062834822       1.6910540    -0.019221321
     0.060791971       1.7789622    -0.019646852
     0.059249132       1.8722055    -0.020137984
     0.058246052       1.9695371    -0.020752439
     0.057810832       2.0692982    -0.021549150
     0.057956268       2.1695598    -0.022601077
     0.058678043       2.2683347    -0.024011881
     0.059955345       2.3638060    -0.025944915
     0.061753712       2.4545089    -0.028682582
     0.064029255       2.5394264    -0.032765184
     0.066733177       2.6179939    -0.038137727
    0.0029014425      -1.5707963    -0.014603880
    0.0076764953     -0.85707195    -0.013790693
     0.013296080     -0.71372438    -0.012938701
     0.019026031     -0.65605337    -0.012020927
     0.024789936     -0.62513375    -0.011002858
     0.030568593     -0.60589112   -0.0098374052
     0.036354970     -0.59277027   -0.0084580443
     0.042145887     -0.58325380   -0.0067686555
     0.047939698     -0.57603705   -0.0046271506
     0.053735467     -0.57037681   -0.0018177231
     0.059532623     -0.56581881    0.0019898700
     0.065330796     -0.56206980    0.0071697246
    0.0076764953      -2.2845207    -0.014504352
    0.0087043275      -1.5707963    -0.013655814
     0.012647095      -1.1621585    -0.012781994
     0.017648786     -0.96490521    -0.011864988
     0.023029486     -0.85707195    -0.010883193
     0.028575895     -0.79055289   -0.0098066659
     0.034207502     -0.74578840   -0.0085913806
     0.039888240     -0.71372438   -0.0071727153
     0.045599748     -0.68967276   -0.0054593436
     0.051331758     -0.67098374   -0.0033320457
     0.057078092     -0.65605337  -0.00067029518
     0.062834822     -0.64385644    0.0024737029
     0.013296080      -2.4278683    -0.014447172
     0.012647095      -1.9794342    -0.013568958
     0.014507212      -1.5707963    -0.012671703
     0.018119503      -1.2897614    -0.011745572
     0.022660990      -1.1112598    -0.010781182
     0.027677997     -0.99475928   -0.0097655585
     0.032954052     -0.91474295   -0.0086768686
     0.038382476     -0.85707195   -0.0074790417
     0.043906792     -0.81379771   -0.0061193058
     0.049494901     -0.78024343   -0.0045349119
     0.055127407     -0.75352062   -0.0026840816
     0.060791971     -0.73176462  -0.00064092447
     0.019026031      -2.4855393    -0.014420539
     0.017648786      -2.1766874    -0.013520959
     0.018119503      -1.8518312    -0.012599582
     0.020310097      -1.5707963    -0.011652930
     0.023749330      -1.3575808    -0.010682079
     0.027980498      -1.2033744   -0.0096897088
     0.032697596      -1.0915799   -0.0086751709
     0.037718752      -1.0087265   -0.0076280963
     0.042937428     -0.94566257   -0.0065238961
     0.048289627     -0.89641642   -0.0053277698
     0.053735467     -0.85707195   -0.0040161716
     0.059249132     -0.82500793   -0.0026259863
     0.024789936      -2.5164589    -0.014416174
     0.023029486      -2.2845207    -0.013508181
     0.022660990      -2.0303329    -0.012566066
     0.023749330      -1.7840118    -0.011590339
     0.026112982      -1.5707963    -0.010589501
     0.029446425      -1.3992928   -0.0095790865
     0.033461067      -1.2657098   -0.0085783301
     0.037941284      -1.1621585   -0.0076028722
     0.042740917      -1.0811463   -0.0066550584
     0.047763772      -1.0168200   -0.0057192079
     0.052946357     -0.96490521   -0.0047722463
     0.058246052     -0.92233952   -0.0038142037
     0.030568593      -2.5357015    -0.014428575
     0.028575895      -2.3510398    -0.013530523
     0.027677997      -2.1468334    -0.012577335
     0.027980498      -1.9382182    -0.011570871
     0.029446425      -1.7422999    -0.010522818
     0.031915867      -1.5707963   -0.0094562146
     0.035178121      -1.4274488   -0.0084061507
     0.039034916      -1.3103782   -0.0074152928
     0.043327776      -1.2154020   -0.0065202212
     0.047939698      -1.1381068   -0.0057325839
     0.052787119      -1.0746835   -0.0050322594
     0.057810832      -1.0221006   -0.0043878413
     0.036354970      -2.5488224    -0.014454387
     0.034207502      -2.3958043    -0.013589305
     0.032954052      -2.2268497    -0.012641456
     0.032697596      -2.0500127    -0.011612144
     0.033461067      -1.8758829    -0.010511891
     0.035178121      -1.7141439   -0.0093633725
     0.037718752      -1.5707963   -0.0082075313
     0.040929883      -1.4477039   -0.0071083611
     0.044667139      -1.3438352   -0.0061456501
     0.048809818      -1.2567819   -0.0053838269
     0.053263404      -1.1838057   -0.0048300581
     0.057956268      -1.1223622   -0.0044295187
     0.042145887      -2.5583389    -0.014492008
     0.039888240      -2.4278683    -0.013685535
     0.038382476      -2.2845207    -0.012764352
     0.037718752      -2.1328661    -0.011729363
     0.037941284      -1.9794342    -0.010587680
     0.039034916      -1.8312145   -0.0093540545
     0.040929883      -1.6938888   -0.0080598984
     0.043521637      -1.5707963   -0.0067695631
     0.046694298      -1.4629631   -0.0055969579
     0.050338146      -1.3697778   -0.0046920681
     0.054358508      -1.2897614   -0.0041561681
     0.058678043      -1.2211372   -0.0039454928
     0.047939698      -2.5655556    -0.014541527
     0.045599748      -2.4519199    -0.013819071
     0.043906792      -2.3277949    -0.012946697
     0.042937428      -2.1959301    -0.011928502
     0.042740917      -2.0604464    -0.010769971
     0.043327776      -1.9261907   -0.0094751689
     0.044667139      -1.7977574   -0.0080535030
     0.046694298      -1.6786296   -0.0065381591
     0.049324522      -1.5707963   -0.0050258579
     0.052467195      -1.4748666   -0.0037344482
     0.056036162      -1.3904560   -0.0029741159
     0.059955345      -1.3166085   -0.0028645422
     0.053735467      -2.5712158    -0.014605191
     0.051331758      -2.4706089    -0.013988606
     0.049494901      -2.3613492    -0.013182190
     0.048289627      -2.2451762    -0.012201979
     0.047763772      -2.1247726    -0.011057346
     0.047939698      -2.0034858   -0.0097452988
     0.048809818      -1.8848107   -0.0082532957
     0.050338146      -1.7718149   -0.0065676977
     0.052467195      -1.6667260   -0.0047017368
     0.055127407      -1.5707963   -0.0027903523
     0.058246052      -1.4844093   -0.0013156948
     0.061753712      -1.4073114   -0.0010148588
     0.059532623      -2.5757738    -0.014688683
     0.057078092      -2.4855393    -0.014190203
     0.055127407      -2.3880720    -0.013455124
     0.053735467      -2.2845207    -0.012527123
     0.052946357      -2.1766874    -0.011424623
     0.052787119      -2.0669092    -0.010143571
     0.053263404      -1.9577869   -0.0086605542
     0.054358508      -1.8518312   -0.0069316374
     0.056036162      -1.7511366   -0.0048902469
     0.058246052      -1.6571833   -0.0024644038
     0.060930292      -1.5707963   0.00024010084
     0.064029255      -1.4922288    0.0018662665
     0.065330796      -2.5795229    -0.014801151
     0.062834822      -2.4977362    -0.014400714
     0.060791971      -2.4098280    -0.013730667
     0.059249132      -2.3165847    -0.012864794
     0.058246052      -2.2192531    -0.011827675
     0.057810832      -2.1194920    -0.010617771
     0.057956268      -2.0192304   -0.0092127419
     0.058678043      -1.9204555   -0.0075663729
     0.059955345      -1.8249842   -0.0055969004
     0.061753712      -1.7342813   -0.0031603478
     0.064029255      -1.6493638   7.7447293e-06
     0.066733177      -1.5707963    0.0043689438
      0.12313197       1.0354154    -0.018254170
      0.12815708       1.0585177    -0.017937386
      0.13324541       1.0798661    -0.017627912
      0.13838999       1.0996358    -0.017309592
      0.14358476       1.1179818    -0.016964591
      0.14882449       1.1350413    -0.016571859
      0.15410457       1.1509362    -0.016104853
      0.15942100       1.1657744    -0.015527551
      0.16477026       1.1796521    -0.014787230
      0.17014926       1.1926548    -0.013802348
      0.17555525       1.2048586    -0.012458969
      0.18098583       1.2163317    -0.011163537
      0.12333690      0.98835228    -0.018736019
      0.12822275       1.0132488    -0.018485599
      0.13318222       1.0363046    -0.018245382
      0.13820737       1.0576944    -0.017994966
      0.14329131       1.0775751    -0.017712704
      0.14842800       1.0960866    -0.017375515
      0.15361213       1.1133542    -0.016958849
      0.15883907       1.1294899    -0.016436169
      0.16410473       1.1445938    -0.015778069
      0.16940548       1.1587556    -0.014955727
      0.17473815       1.1720556    -0.013975416
      0.18009990       1.1845657    -0.013066789
      0.12381377      0.94154846    -0.019121498
      0.12855060      0.96811865    -0.018949740
      0.13337171      0.99278431    -0.018795144
      0.13826827       1.0157161    -0.018634101
      0.14323255       1.0370689    -0.018441107
      0.14825775       1.0569828    -0.018189463
      0.15333787       1.0755842    -0.017853430
      0.15846764       1.0929870    -0.017411157
      0.16364239       1.1092938    -0.016847999
      0.16885797       1.1245971    -0.016163127
      0.17411073       1.1389803    -0.015391155
      0.17939739       1.1525184    -0.014661042
      0.12455944      0.89520435    -0.019391280
      0.12913864      0.92330877    -0.019311341
      0.13381282      0.94946926    -0.019258639
      0.13857236      0.97384843    -0.019208050
      0.14340877      0.99659602    -0.019130876
      0.14831452       1.0178492    -0.018995258
      0.15328296       1.0377331    -0.018769768
      0.15830819       1.0563616    -0.018429733
      0.16338496       1.0738382    -0.017964359
      0.16850863       1.0902568    -0.017383419
      0.17367503       1.1057025    -0.016726439
      0.17888046       1.1202526    -0.016078852
      0.12556912      0.84950855    -0.019521741
      0.12998333      0.87899313    -0.019547650
      0.13450306      0.90651878    -0.019612523
      0.13911804      0.93223663    -0.019692363
      0.14381909      0.95628825    -0.019757654
      0.14859805      0.97880520    -0.019771520
      0.15344764      0.99990904    -0.019692632
      0.15836136       1.0197116    -0.019484461
      0.16333343       1.0383155    -0.019128383
      0.16835869       1.0558145    -0.018634098
      0.17343250       1.0722945    -0.018042962
      0.17855073       1.0878336    -0.017426163
      0.12683652      0.80463368    -0.019485223
      0.13107971      0.83533415    -0.019632687
      0.13543864      0.86408418    -0.019829906
      0.13990249      0.89102068    -0.020057310
      0.14446154      0.91627438    -0.020289420
      0.14910705      0.93996885    -0.020488397
      0.15383119      0.96221986    -0.020602096
      0.15862693      0.98313530    -0.020572533
      0.16348798       1.0028152    -0.020357175
      0.16840868       1.0213518    -0.019952507
      0.17338395       1.0388304    -0.019401277
      0.17840922       1.0553291    -0.018779009
      0.12835399      0.76073308    -0.019249271
      0.13242153      0.79247953    -0.019538280
      0.13661451      0.82230583    -0.019882635
      0.14092172      0.85033255    -0.020270094
      0.14533302      0.87667756    -0.020686081
      0.14983921      0.90145434    -0.021101508
      0.15443199      0.92477103    -0.021461194
      0.15910385      0.94672976    -0.021681332
      0.16384803      0.96742638    -0.021672428
      0.16865843      0.98695037    -0.021389601
      0.17352955       1.0053850    -0.020868680
      0.17845640       1.0228073    -0.020206972
      0.13011279      0.71793859    -0.018774065
      0.13400142      0.75055985    -0.019234793
      0.13802452      0.78131062    -0.019744730
      0.14217068      0.81029391    -0.020300202
      0.14642945      0.83761316    -0.020904354
      0.15079129      0.86337023    -0.021550485
      0.15524751      0.88766401    -0.022201230
      0.15979021      0.91058938    -0.022763202
      0.16441223      0.93223663    -0.023081581
      0.16910706      0.95269107    -0.023009485
      0.17386881      0.97203287    -0.022533177
      0.17869211      0.99033705    -0.021790918
      0.13210329      0.67635939    -0.018007242
      0.13581107      0.70968699    -0.018691736
      0.13966159      0.74121033    -0.019396734
      0.14364338      0.77101429    -0.020127508
      0.14774583      0.79918703    -0.020910030
      0.15195916      0.82581767    -0.021770990
      0.15627440      0.85099465    -0.022717363
      0.16068334      0.87480440    -0.023696322
      0.16517849      0.89733044    -0.024525231
      0.16975298      0.91865275    -0.024875034
      0.17440059      0.93884742    -0.024523601
      0.17911561      0.95798634    -0.023643084
      0.13431517      0.63608180    -0.016876827
      0.13784142      0.66995337    -0.017881168
      0.14151784      0.70210040    -0.018831942
      0.14533302      0.73258980    -0.019751021
      0.14927633      0.76149408    -0.020693896
      0.15333787      0.78888906    -0.021723719
      0.15750851      0.81485191    -0.022902392
      0.16177981      0.83945969    -0.024269262
      0.16614400      0.86278822    -0.025755885
      0.17059396      0.88491123    -0.026948364
      0.17512315      0.90589974    -0.027035884
      0.17972557      0.92582172    -0.025939119
      0.13673769      0.59717004    -0.015295780
      0.14008289      0.63143204    -0.016797544
      0.14358476      0.66405960    -0.018070362
      0.14723213      0.69510233    -0.019197539
      0.15101444      0.72461735    -0.020282265
      0.15492181      0.75266697    -0.021422779
      0.15894503      0.77931671    -0.022721083
      0.16307552      0.80463368    -0.024295150
      0.16730534      0.82868530    -0.026274537
      0.17162713      0.85153830    -0.028651563
      0.17603413      0.87325792    -0.030280032
      0.18052009      0.89390742    -0.028974415
      0.13935988      0.55966752    -0.013306707
      0.14252552      0.59417730    -0.015543721
      0.14585341      0.62715011    -0.017194276
      0.14933271      0.65861937    -0.018533344
      0.15295308      0.68862746    -0.019737458
      0.15670476      0.71722346    -0.020936610
      0.16057853      0.74446116    -0.022249289
      0.16456577      0.77039747    -0.023811547
      0.16865843      0.79509099    -0.025814608
      0.17284904      0.81860092    -0.028571994
      0.17713063      0.84098618    -0.032613953
      0.18149677      0.86230468    -0.033100393
      0.12064559       1.0712492    -0.017882893
      0.11573083       1.0973598    -0.017719126
      0.11090192       1.1257651    -0.017594359
      0.10617060       1.1567289    -0.017504631
      0.10155049       1.1905451    -0.017449114
     0.097057480       1.2275379    -0.017428706
     0.092710055       1.2680599    -0.017444567
     0.088529662       1.3124878    -0.017497058
     0.084541084       1.3612119    -0.017585465
     0.080772740       1.4146195    -0.017708431
     0.077256866       1.4730680    -0.017863183
     0.074029439       1.5368476    -0.018029659
      0.12577009       1.0933528    -0.017502389
      0.12092438       1.1192414    -0.017268251
      0.11616645       1.1472709    -0.017073631
      0.11150753       1.1776681    -0.016918033
      0.10696057       1.2106825    -0.016805864
      0.10254044       1.2465852    -0.016744267
     0.098264280       1.2856668    -0.016740218
     0.094151697       1.3282325    -0.016797593
     0.090225065       1.3745934    -0.016915198
     0.086509708       1.4250531    -0.017085954
     0.083033992       1.4798870    -0.017295030
     0.079829224       1.5393149    -0.017510018
      0.13095120       1.1137166    -0.017136493
      0.12617105       1.1393122    -0.016840941
      0.12148004       1.1669038    -0.016577617
      0.11688889       1.1966871    -0.016348242
      0.11240984       1.2288743    -0.016162086
      0.10805682       1.2636934    -0.016033703
      0.10384570       1.3013854    -0.015978755
     0.099794439       1.3421997    -0.016008487
     0.095923286       1.3863870    -0.016124704
     0.092254922       1.4341882    -0.016317123
     0.088814477       1.4858186    -0.016562743
     0.085629428       1.5414480    -0.016824334
      0.13618247       1.1325232    -0.016774697
      0.13146448       1.1577736    -0.016433255
      0.12683652       1.1848849    -0.016108617
      0.12230879       1.2140262    -0.015802591
      0.11789286       1.2453790    -0.015527752
      0.11360176       1.2791357    -0.015306252
      0.10945016       1.3154975    -0.015165587
      0.10545456       1.3546698    -0.015130478
      0.10163335       1.3968567    -0.015212871
     0.098006931       1.4422515    -0.015404905
     0.094597705       1.4910252    -0.015678522
     0.091429973       1.5433104    -0.015990484
      0.14145834       1.1499328    -0.016404775
      0.13679924       1.1748005    -0.016041209
      0.13223068       1.2014039    -0.015671422
      0.12776234       1.2298896    -0.015294267
      0.12340514       1.2604131    -0.014922277
      0.11917125       1.2931377    -0.014582814
      0.11507430       1.3282325    -0.014316504
      0.11112941       1.3658680    -0.014168941
      0.10735337       1.4062116    -0.014174369
      0.10376461       1.4494205    -0.014338332
      0.10038320       1.4956316    -0.014631806
     0.097230797       1.5449506    -0.015001274
      0.14677399       1.1660860    -0.016010297
      0.14217068       1.1905451    -0.015657786
      0.13765808       1.2166243    -0.015269948
      0.13324541       1.2444508    -0.014839315
      0.12894292       1.2741586    -0.014373640
      0.12476203       1.3058871    -0.013899239
      0.12071535       1.3397789    -0.013465336
      0.11681685       1.3759769    -0.013142490
      0.11308184       1.4146195    -0.013004566
      0.10952705       1.4558354    -0.013093425
      0.10617060       1.4997360    -0.013391163
      0.10303185       1.5464061    -0.013828554
      0.15212526       1.1811064    -0.015567516
      0.14757479       1.2051400    -0.015269603
      0.14311496       1.2306870    -0.014902871
      0.13875449       1.2578584    -0.014451052
      0.13450306       1.2867700    -0.013913184
      0.13037134       1.3175412    -0.013305823
      0.12637106       1.3502932    -0.012673158
      0.12251511       1.3851463    -0.012100854
      0.11881752       1.4222160    -0.011715484
      0.11529356       1.4616088    -0.011638134
      0.11195959       1.5034160    -0.011901162
      0.10883310       1.5477064    -0.012419234
      0.15750851       1.1951031    -0.015041142
      0.15300811       1.2187011    -0.014853960
      0.14859805       1.2437144    -0.014559753
      0.14428661       1.2702400    -0.014133171
      0.14008289       1.2983784    -0.013565035
      0.13599690       1.3282325    -0.012856698
      0.13203954       1.3599057    -0.012029141
      0.12822275       1.3935000    -0.011149952
      0.12455944       1.4291126    -0.010375197
      0.12106354       1.4668321   -0.0099528320
      0.11774996       1.5067341    -0.010075869
      0.11463452       1.5488751    -0.010682744
      0.16292058       1.2081723    -0.014377747
      0.15846764       1.2313300    -0.014377471
      0.15410457       1.2558127    -0.014220189
      0.14983921       1.2817055    -0.013875421
      0.14568015       1.3090961    -0.013334209
      0.14163676       1.3380733    -0.012587375
      0.13771922       1.3687261    -0.011625283
      0.13393858       1.4011413    -0.010458358
      0.13030675       1.4354011   -0.0091819041
      0.12683652       1.4715800   -0.0081118909
      0.12354150       1.5097411   -0.0078014585
      0.12043608       1.5499313   -0.0084633152
      0.16835869       1.2203992    -0.013495080
      0.16395076       1.2431159    -0.013799962
      0.15963208       1.2670747    -0.013859487
      0.15541010       1.2923504    -0.013656459
      0.15129291       1.3190197    -0.013202387
      0.14728929       1.3471597    -0.012493498
      0.14340877       1.3768472    -0.011503347
      0.13966159       1.4081567    -0.010184862
      0.13605878       1.4411581   -0.0084949953
      0.13261211       1.4759145   -0.0065318322
      0.12933406       1.5124788   -0.0050515075
      0.12623776       1.5508903   -0.0054786147
      0.17382038       1.2318593    -0.012279250
      0.16945517       1.2541376    -0.013103618
      0.16517849       1.2775816    -0.013468105
      0.16099738       1.3022575    -0.013456688
      0.15691950       1.3282325    -0.013137424
      0.15295308       1.3555738    -0.012531906
      0.14910705       1.3843481    -0.011620867
      0.14539093       1.4146195    -0.010341570
      0.14181496       1.4464479   -0.0085738091
      0.13838999       1.4798870   -0.0061215034
      0.13512750       1.5149818   -0.0028462252
      0.13203954       1.5517651   -0.0011851672
      0.17930351       1.2426199    -0.011093199
      0.17497887       1.2644646    -0.012444886
      0.17074194       1.2874049    -0.013099641
      0.16659940       1.3114992    -0.013280631
      0.16255848       1.3368068    -0.013112767
      0.15862693       1.3633865    -0.012646055
      0.15481310       1.3912964    -0.011881382
      0.15112589       1.4205920    -0.010775850
      0.14757479       1.4513249   -0.0092320674
      0.14416987       1.4835411   -0.0070658313
      0.14092172       1.5172789   -0.0039358299
      0.13784142       1.5525662   0.00058247302
      0.11810689       1.0349141    -0.018348440
      0.11832053      0.98585437    -0.018817450
      0.11881752      0.93708828    -0.019189238
      0.11959435      0.88884200    -0.019444819
      0.12064559      0.84132733    -0.019560522
      0.12196416      0.79473657    -0.019508048
      0.12354150      0.74923869    -0.019253164
      0.12536783      0.70497687    -0.018751936
      0.12743246      0.66206737    -0.017942434
      0.12972401      0.62059962    -0.016727877
      0.13223068      0.58063741    -0.014941637
      0.13494047      0.54222082    -0.012267929
      0.11308184       1.0600269    -0.018239764
      0.11315626       1.0087265    -0.018750602
      0.11352763      0.95762781    -0.019174138
      0.11419305      0.90699344    -0.019493431
      0.11514743      0.85707195    -0.019686309
      0.11638365      0.80809085    -0.019726155
      0.11789286      0.76025128    -0.019582027
      0.11966472      0.71372438    -0.019217395
      0.12168776      0.66864944    -0.018586598
      0.12394968      0.62513375    -0.017628570
      0.12643766      0.58325380    -0.016262170
      0.12913864      0.54305756    -0.014425853
      0.10813470       1.0874560    -0.018167543
      0.10805682       1.0337716    -0.018723676
      0.10829029      0.98016438    -0.019205638
      0.10883310      0.92693989    -0.019598071
      0.10968067      0.87439072    -0.019879452
      0.11082599      0.82278735    -0.020023476
      0.11225996      0.77237064    -0.020000662
      0.11397167      0.72334659    -0.019779922
      0.11594884      0.67588342    -0.019329763
      0.11817814      0.63011087    -0.018620015
      0.12064559      0.58612143    -0.017630720
      0.12333690      0.54397302    -0.016395179
      0.10327668       1.1174901    -0.018122322
      0.10303185       1.0612783    -0.018721141
      0.10311353       1.0049775    -0.019263514
      0.10352093      0.94894296    -0.019735585
      0.10425025      0.89352003    -0.020115972
      0.10529478      0.83903171    -0.020377058
      0.10664528      0.78576826    -0.020487385
      0.10829029      0.73397951    -0.020415549
      0.11021663      0.68387031    -0.020135276
      0.11240984      0.63559893    -0.019631400
      0.11485462      0.58927825    -0.018909223
      0.11753528      0.54497886    -0.018017052
     0.098520957       1.1504560    -0.018097136
     0.098092789       1.0915799    -0.018729247
     0.098006931       1.0323948    -0.019327996
     0.098264280      0.97331302    -0.019881603
     0.098862156      0.91474295    -0.020369359
     0.099794439      0.85707195    -0.020761854
      0.10105187      0.80065197    -0.021022672
      0.10262251      0.74578840    -0.021113237
      0.10449222      0.69273291    -0.021001465
      0.10664528      0.64168050    -0.020672426
      0.10906491      0.59277027    -0.020138168
      0.11173379      0.54608915    -0.019447271
     0.093883075       1.1867216    -0.018087040
     0.093253282       1.1250601    -0.018736210
     0.092982065       1.0628003    -0.019380186
     0.093072559       1.0004195    -0.020010398
     0.093523713      0.93840043    -0.020608679
     0.094330353      0.87720935    -0.021145782
     0.095483470      0.81727571    -0.021580261
     0.096970705      0.75897584    -0.021861079
     0.098776967      0.70262195    -0.021938003
      0.10088512      0.64845681    -0.021779758
      0.10327668      0.59665378    -0.021391548
      0.10593246      0.54732105    -0.020821489
     0.089381384       1.2266975    -0.018088757
     0.088529662       1.1621585    -0.018732839
     0.088052924       1.0966444    -0.019403608
     0.087957266       1.0307033    -0.020096803
     0.088243928      0.96490521    -0.020799363
     0.088909212      0.89981259    -0.021486865
     0.089944717      0.83595252    -0.022118228
     0.091337852      0.77379268    -0.022631133
     0.093072559      0.71372438    -0.022946774
     0.095130154      0.65605337    -0.022994224
     0.097490195      0.60099836    -0.022748982
      0.10013130      0.54869569    -0.022254806
     0.085037513       1.2708342    -0.018100464
     0.083941494       1.2033744    -0.018713250
     0.083236514       1.1344527    -0.019386438
     0.082932545       1.0646912    -0.020120208
     0.083033992      0.99475928    -0.020908147
     0.083539377      0.92533614    -0.021736038
     0.084441448      0.85707195    -0.022574054
     0.085727684      0.79055289    -0.023362480
     0.087381121      0.72627481    -0.023997663
     0.089381384      0.66462767    -0.024342825
     0.091705780      0.60589112    -0.024293849
     0.094330353      0.55023941    -0.023862748
     0.080876896       1.3196155    -0.018121752
     0.079512230       1.2492678    -0.018675181
     0.078553575       1.1768358    -0.019323415
     0.078015899       1.1030121    -0.020069312
     0.077907918       1.0285755    -0.020911645
     0.078231413      0.95434432    -0.021848623
     0.078981081      0.88112357    -0.022872195
     0.080144964      0.80965407    -0.023950364
     0.081705362      0.74057143    -0.024991095
     0.083640088      0.67437990    -0.025798489
     0.085923857      0.61144251    -0.026105896
     0.088529662      0.55198542    -0.025784585
     0.076929273       1.3735431    -0.018153851
     0.075269928       1.3004527    -0.018619644
     0.074029439       1.2244939    -0.019216538
     0.073229098       1.1464139    -0.019945362
     0.072883404       1.0671036    -0.020804742
     0.072998817      0.98754253    -0.021801712
     0.073573167      0.90872896    -0.022951237
     0.074595855      0.83160612    -0.024266532
     0.076048795      0.75699862    -0.025726192
     0.077907918      0.68556839    -0.027181325
     0.080144964      0.61779469    -0.028199376
     0.082729279      0.55397628    -0.028208811
     0.073229098       1.4331090    -0.018200381
     0.071247991       1.3575808    -0.018550188
     0.069695040       1.2782149    -0.019074832
     0.068599329       1.1957779    -0.019762644
     0.067982971       1.1112598    -0.020603761
     0.067859027       1.0258175    -0.021606451
     0.068230182      0.94068546    -0.022798804
     0.069088457      0.85707195    -0.024229702
     0.070416043      0.77605976    -0.025964318
     0.072187050      0.69853212    -0.028040803
     0.074369807      0.62513375    -0.030233162
     0.076929273      0.55626735    -0.031355570
     0.069815724       1.4987524    -0.018269344
     0.067485831       1.4213068    -0.018473661
     0.065588004       1.3388581    -0.018915992
     0.064160597       1.2521259    -0.019547590
     0.063235473       1.1621585    -0.020342908
     0.062834822       1.0702875    -0.021305093
     0.062968656      0.97802605    -0.022462453
     0.063633602      0.88692602    -0.023872618
     0.064813316      0.79842569    -0.025635213
     0.066480399      0.71372438    -0.027915152
     0.068599329      0.63370805    -0.030959043
     0.071129737      0.55893204    -0.034695359
      0.12313197     0.011782113    -0.012845218
      0.12333690     0.058845276    -0.013225480
      0.12381377      0.10564909    -0.013550712
      0.12455944      0.15199320    -0.013802590
      0.12556912      0.19768900    -0.013961940
      0.12683652      0.24256387    -0.014008743
      0.12835399      0.28646447    -0.013921115
      0.13011279      0.32925896    -0.013672666
      0.13210329      0.37083817    -0.013227417
      0.13431517      0.41111575    -0.012531824
      0.13673769      0.45002751    -0.011513150
      0.13935988      0.48753003    -0.010275053
      0.12815708    -0.011320110    -0.012818263
      0.12822275     0.033948732    -0.013163023
      0.12855060     0.079078902    -0.013466042
      0.12913864      0.12388878    -0.013712176
      0.12998333      0.16820442    -0.013884993
      0.13107971      0.21186340    -0.013967373
      0.13242153      0.25471802    -0.013941549
      0.13400142      0.29663770    -0.013788534
      0.13581107      0.33751056    -0.013487406
      0.13784142      0.37724418    -0.013017308
      0.14008289      0.41576552    -0.012375892
      0.14252552      0.45302025    -0.011673594
      0.13324541    -0.032668577    -0.012859952
      0.13318222     0.010892970    -0.013172967
      0.13337171     0.054413241    -0.013456049
      0.13381282     0.097728290    -0.013696783
      0.13450306      0.14067878    -0.013880715
      0.13543864      0.18311337    -0.013992532
      0.13661451      0.22489173    -0.014017074
      0.13802452      0.26588693    -0.013940244
      0.13966159      0.30598723    -0.013750307
      0.14151784      0.34509715    -0.013441691
      0.14358476      0.38313795    -0.013027441
      0.14585341      0.42004744    -0.012573116
      0.13838999    -0.052438271    -0.012960423
      0.13820737    -0.010496892    -0.013242095
      0.13826827     0.031481429    -0.013505550
      0.13857236     0.073349118    -0.013740950
      0.13911804      0.11496092    -0.013935179
      0.13990249      0.15617687    -0.014073350
      0.14092172      0.19686500    -0.014140545
      0.14217068      0.23690364    -0.014123883
      0.14364338      0.27618326    -0.014014988
      0.14533302      0.31460775    -0.013813417
      0.14723213      0.35209522    -0.013533020
      0.14933271      0.38857818    -0.013213876
      0.14358476    -0.070784208    -0.013115287
      0.14329131    -0.030377509    -0.013361466
      0.14323255     0.010128606    -0.013602120
      0.14340877     0.050601528    -0.013830369
      0.14381909     0.090909298    -0.014034378
      0.14446154      0.13092317    -0.014198803
      0.14533302      0.17051999    -0.014306697
      0.14642945      0.20958439    -0.014342459
      0.14774583      0.24801052    -0.014295856
      0.14927633      0.28570347    -0.014166179
      0.15101444      0.32258020    -0.013965713
      0.15295308      0.35857009    -0.013722855
      0.14882449    -0.087843731    -0.013326188
      0.14842800    -0.048889001    -0.013526973
      0.14825775   -0.0097852855    -0.013736550
      0.14831452     0.029348364    -0.013951881
      0.14859805     0.068392349    -0.014163129
      0.14910705      0.10722870    -0.014354832
      0.14983921      0.14574321    -0.014506968
      0.15079129      0.18382732    -0.014597553
      0.15195916      0.22137988    -0.014608412
      0.15333787      0.25830849    -0.014532900
      0.15492181      0.29453058    -0.014380798
      0.15670476      0.32997409    -0.014177291
      0.15410457     -0.10373860    -0.013602004
      0.15361213    -0.066156624    -0.013740405
      0.15333787    -0.028386648    -0.013903996
      0.15328296    0.0094644759    -0.014094647
      0.15344764     0.047288512    -0.014305540
      0.15383119     0.084977687    -0.014522821
      0.15443199      0.12242652    -0.014725068
      0.15524751      0.15953355    -0.014882765
      0.15627440      0.19620290    -0.014962796
      0.15750851      0.23234564    -0.014942062
      0.15894503      0.26788084    -0.014822576
      0.16057853      0.30273639    -0.014631944
      0.15942100     -0.11857688    -0.013960967
      0.15883907    -0.082292343    -0.014010682
      0.15846764    -0.045789421    -0.014105287
      0.15830819   -0.0091640334    -0.014252199
      0.15836136     0.027485946    -0.014447577
      0.15862693     0.064062249    -0.014680950
      0.15910385      0.10046779    -0.014934185
      0.15979021      0.13660817    -0.015175798
      0.16068334      0.17239315    -0.015355687
      0.16177981      0.20773786    -0.015416566
      0.16307552      0.24256387    -0.015332552
      0.16456577      0.27680008    -0.015134143
      0.16477026     -0.13245460    -0.014434362
      0.16410473    -0.097396289    -0.014354642
      0.16364239    -0.062096246    -0.014347204
      0.16338496    -0.026640631    -0.014424016
      0.16333343    0.0088820783    -0.014581002
      0.16348798     0.044382395    -0.014810015
      0.16384803     0.079771168    -0.015100284
      0.16441223      0.11496092    -0.015431037
      0.16517849      0.14986712    -0.015752253
      0.16614400      0.18440933    -0.015963472
      0.16730534      0.21851225    -0.015956224
      0.16865843      0.25210656    -0.015736040
      0.17014926     -0.14545725    -0.015072612
      0.16940548     -0.11155808    -0.014795433
      0.16885797    -0.077399583    -0.014639626
      0.16850863    -0.043059209    -0.014614291
      0.16835869   -0.0086169549    -0.014705648
      0.16840868     0.025845748    -0.014901623
      0.16865843     0.060247178    -0.015196486
      0.16910706     0.094506481    -0.015587856
      0.16975298      0.12854480    -0.016060205
      0.17059396      0.16228632    -0.016527112
      0.17162713      0.19565926    -0.016740087
      0.17284904      0.22859663    -0.016510885
      0.17555525     -0.15766106    -0.015949551
      0.17473815     -0.12485803    -0.015349343
      0.17411073    -0.091782748    -0.014985080
      0.17367503    -0.058504924    -0.014825439
      0.17343250    -0.025096915    -0.014826390
      0.17338395    0.0083671999    -0.014961272
      0.17352955     0.041812592    -0.015220698
      0.17386881     0.075164683    -0.015611629
      0.17440059      0.10835014    -0.016156781
      0.17512315      0.14129781    -0.016877850
      0.17603413      0.17393963    -0.017628213
      0.17713063      0.20621137    -0.017585097
      0.18098583     -0.16913413    -0.017054628
      0.18009990     -0.13736818    -0.015957459
      0.17939739     -0.10532086    -0.015350779
      0.17888046    -0.073055002    -0.015044815
      0.17855073    -0.040636088    -0.014944285
      0.17840922   -0.0081315147    -0.015001161
      0.17845640     0.024390244    -0.015195354
      0.17869211     0.056860499    -0.015528585
      0.17911561     0.089211211    -0.016026721
      0.17972557      0.12137584    -0.016752403
      0.18052009      0.15329013    -0.017837867
      0.18149677      0.18489287    -0.019219733
      0.11810689     0.012283430    -0.012725208
      0.11308184    -0.012829302    -0.012350830
      0.10813470    -0.040258488    -0.011890839
      0.10327668    -0.070292567    -0.011310964
     0.098520957     -0.10325841    -0.010567420
     0.093883075     -0.13952408   -0.0096036066
     0.089381384     -0.17949992   -0.0083447518
     0.085037513     -0.22363662   -0.0066883064
     0.080876896     -0.27241795   -0.0044863067
     0.076929273     -0.32634551   -0.0015141552
     0.073229098     -0.38591144    0.0025712633
     0.069815724     -0.45155489    0.0080602948
      0.11832053     0.061343181    -0.013174554
      0.11315626     0.038471027    -0.012910666
      0.10805682     0.013425944    -0.012577541
      0.10303185    -0.014080783    -0.012141438
     0.098092789    -0.044382395    -0.011560070
     0.093253282    -0.077862575    -0.010781192
     0.088529662     -0.11496092   -0.0097411606
     0.083941494     -0.15617687   -0.0083626390
     0.079512230     -0.20207021   -0.0065512662
     0.075269928     -0.25325514   -0.0041965314
     0.071247991     -0.31038327   -0.0012096177
     0.067485831     -0.37410926    0.0022339937
      0.11881752      0.11010928    -0.013563366
      0.11352763     0.089569739    -0.013417297
      0.10829029     0.067033168    -0.013223473
      0.10311353     0.042220038    -0.012949651
     0.098006931     0.014802772    -0.012554891
     0.092982065    -0.015602795    -0.011989061
     0.088052924    -0.049446828    -0.011194308
     0.083236514    -0.087255199    -0.010108692
     0.078553575     -0.12963826   -0.0086722759
     0.074029439     -0.17729630   -0.0068398933
     0.069695040     -0.23101738   -0.0046192022
     0.065588004     -0.29166058   -0.0021861542
      0.11959435      0.15835555    -0.013869982
      0.11419305      0.14020411    -0.013845058
      0.10883310      0.12025766    -0.013797973
      0.10352093     0.098254589    -0.013699588
     0.098264280     0.073884528    -0.013511070
     0.093072559     0.046778034    -0.013182535
     0.087957266     0.016494226    -0.012655228
     0.082932545    -0.017493678    -0.011868901
     0.078015899    -0.055814575    -0.010774405
     0.073229098    -0.099216305   -0.0093509228
     0.068599329     -0.14858030   -0.0076318725
     0.064160597     -0.20492838   -0.0057522441
      0.12064559      0.20587022    -0.014072275
      0.11514743      0.19012560    -0.014167949
      0.10968067      0.17280683    -0.014269635
      0.10425025      0.15367752    -0.014353643
     0.098862156      0.13245460    -0.014385987
     0.093523713      0.10879712    -0.014318099
     0.088243928     0.082292343    -0.014086213
     0.083033992     0.052438271    -0.013618897
     0.077907918     0.018622049    -0.012855287
     0.072883404    -0.019906000    -0.011770059
     0.067982971    -0.064062249    -0.010396469
     0.063235473     -0.11496092   -0.0088438342
      0.12196416      0.25246098    -0.014147844
      0.11638365      0.23910670    -0.014360694
      0.11082599      0.22441020    -0.014607807
      0.10529478      0.20816584    -0.014873281
     0.099794439      0.19012560    -0.015132722
     0.094330353      0.16998820    -0.015344747
     0.088909212      0.14738496    -0.015443400
     0.083539377      0.12186141    -0.015338626
     0.078231413     0.092853236    -0.014935370
     0.072998817     0.059655024    -0.014173246
     0.067859027     0.021380085    -0.013066012
     0.062834822    -0.023089906    -0.011712843
      0.12354150      0.29795886    -0.014073152
      0.11789286      0.28694627    -0.014399582
      0.11225996      0.27482691    -0.014785180
      0.10664528      0.26142929    -0.015222546
      0.10105187      0.24654558    -0.015701969
     0.095483470      0.22992184    -0.016199440
     0.089944717      0.21124503    -0.016660416
     0.084441448      0.19012560    -0.016983672
     0.078981081      0.16607398    -0.017023743
     0.073573167      0.13846859    -0.016640663
     0.068230182      0.10651209    -0.015787732
     0.062968656     0.069171499    -0.014557097
      0.12536783      0.34222068    -0.013820725
      0.11966472      0.33347317    -0.014262407
      0.11397167      0.32385096    -0.014780802
      0.10829029      0.31321804    -0.015374299
      0.10262251      0.30140915    -0.016050593
     0.096970705      0.28822171    -0.016813079
     0.091337852      0.27340487    -0.017640604
     0.085727684      0.25664466    -0.018453706
     0.080144964      0.23754348    -0.019073648
     0.074595855      0.21559143    -0.019231231
     0.069088457      0.19012560    -0.018716031
     0.063633602      0.16027153    -0.017570822
      0.12743246      0.38513018    -0.013352968
      0.12168776      0.37854811    -0.013926992
      0.11594884      0.37131413    -0.014582618
      0.11021663      0.36332724    -0.015317177
      0.10449222      0.35446464    -0.016155182
     0.098776967      0.34457561    -0.017131245
     0.093072559      0.33347317    -0.018274288
     0.087381121      0.32092274    -0.019574878
     0.081705362      0.30662612    -0.020907645
     0.076048795      0.29019893    -0.021907914
     0.070416043      0.27113779    -0.022013746
     0.064813316      0.24877186    -0.020993117
      0.12972401      0.42659793    -0.012610266
      0.12394968      0.42206380    -0.013370064
      0.11817814      0.41708668    -0.014190645
      0.11240984      0.41159862    -0.015061058
      0.10664528      0.40551705    -0.016023814
      0.10088512      0.39874075    -0.017141849
     0.095130154      0.39114418    -0.018491089
     0.089381384      0.38256988    -0.020151335
     0.083640088      0.37281765    -0.022159223
     0.077907918      0.36162916    -0.024319464
     0.072187050      0.34866543    -0.025751323
     0.066480399      0.33347317    -0.025175943
      0.13223068      0.46656014    -0.011491187
      0.12643766      0.46394375    -0.012579342
      0.12064559      0.46107613    -0.013628470
      0.11485462      0.45791930    -0.014642479
      0.10906491      0.45442728    -0.015699588
      0.10327668      0.45054377    -0.016888770
     0.097490195      0.44619919    -0.018313985
     0.091705780      0.44130643    -0.020109278
     0.085923857      0.43575504    -0.022454173
     0.080144964      0.42940287    -0.025547757
     0.074369807      0.42206380    -0.029206485
     0.068599329      0.41348950    -0.030668489
      0.13494047      0.50497673   -0.0099142035
      0.12913864      0.50413999    -0.011654708
      0.12333690      0.50322453    -0.012984761
      0.11753528      0.50221869    -0.014136266
      0.11173379      0.50110840    -0.015256897
      0.10593246      0.49987650    -0.016459538
      0.10013130      0.49850186    -0.017855879
     0.094330353      0.49695814    -0.019583397
     0.088529662      0.49521213    -0.021840218
     0.082729279      0.49322127    -0.024946939
     0.076929273      0.49093020    -0.029474392
     0.071129737      0.48826551    -0.036352646
      0.12064559    -0.024051622    -0.012445133
      0.12577009    -0.046155219    -0.012427190
      0.13095120    -0.066519054    -0.012477942
      0.13618247    -0.085325698    -0.012588792
      0.14145834     -0.10273529    -0.012757330
      0.14677399     -0.11888845    -0.012987440
      0.15212526     -0.13390888    -0.013290076
      0.15750851     -0.14790557    -0.013685275
      0.16292058     -0.16097476    -0.014206448
      0.16835869     -0.17320164    -0.014908930
      0.17382038     -0.18466178    -0.015884928
      0.17930351     -0.19542235    -0.017232055
      0.11573083    -0.050162255    -0.012009248
      0.12092438    -0.072043881    -0.011974577
      0.12617105    -0.092114622    -0.012010772
      0.13146448     -0.11057601    -0.012107050
      0.13679924     -0.12760295    -0.012259697
      0.14217068     -0.14334757    -0.012471311
      0.14757479     -0.15794247    -0.012750283
      0.15300811     -0.17150355    -0.013110792
      0.15846764     -0.18413242    -0.013573416
      0.16395076     -0.19591835    -0.014165092
      0.16945517     -0.20694005    -0.014909300
      0.17497887     -0.21726707    -0.015751899
      0.11090192    -0.078567520    -0.011491368
      0.11616645     -0.10007333    -0.011456860
      0.12148004     -0.11970623    -0.011491361
      0.12683652     -0.13768733    -0.011581136
      0.13223068     -0.15420639    -0.011720992
      0.13765808     -0.16942676    -0.011912804
      0.14311496     -0.18348949    -0.012163798
      0.14859805     -0.19651685    -0.012484638
      0.15410457     -0.20861514    -0.012887265
      0.15963208     -0.21987715    -0.013381203
      0.16517849     -0.23038409    -0.013962597
      0.17074194     -0.24020735    -0.014579392
      0.10617060     -0.10953135    -0.010861796
      0.11150753     -0.13047058    -0.010853153
      0.11688889     -0.14948952    -0.010906921
      0.12230879     -0.16682869    -0.011005340
      0.12776234     -0.18269205    -0.011141416
      0.13324541     -0.19725326    -0.011316985
      0.13875449     -0.21066087    -0.011540170
      0.14428661     -0.22304243    -0.011821966
      0.14983921     -0.23450800    -0.012172037
      0.15541010     -0.24515288    -0.012593692
      0.16099738     -0.25505998    -0.013076406
      0.16659940     -0.26430167    -0.013581751
      0.10155049     -0.14334757    -0.010081645
      0.10696057     -0.16348497    -0.010135933
      0.11240984     -0.18167678    -0.010240572
      0.11789286     -0.19818148    -0.010372070
      0.12340514     -0.21321551    -0.010520875
      0.12894292     -0.22696108    -0.010689010
      0.13450306     -0.23957243    -0.010887286
      0.14008289     -0.25118083    -0.011131091
      0.14568015     -0.26189855    -0.011434250
      0.15129291     -0.27182213    -0.011802012
      0.15691950     -0.28103490    -0.012224897
      0.16255848     -0.28960920    -0.012673585
     0.097057480     -0.18034032   -0.0090987796
      0.10254044     -0.19938764   -0.0092678022
      0.10805682     -0.21649590   -0.0094689028
      0.11360176     -0.23193820   -0.0096702027
      0.11917125     -0.24594018   -0.0098584527
      0.12476203     -0.25868958    -0.010035324
      0.13037134     -0.27034364    -0.010214857
      0.13599690     -0.28103490    -0.010420002
      0.14163676     -0.29087578    -0.010675418
      0.14728929     -0.29996216    -0.010996576
      0.15295308     -0.30837626    -0.011380361
      0.15862693     -0.31618896    -0.011802656
     0.092710055     -0.22086238   -0.0078414869
     0.098264280     -0.23846921   -0.0081971204
      0.10384570     -0.25418785   -0.0085588941
      0.10945016     -0.26829992   -0.0088825693
      0.11507430     -0.28103490   -0.0091505165
      0.12071535     -0.29258139   -0.0093634227
      0.12637106     -0.30309566   -0.0095372016
      0.13203954     -0.31270816   -0.0097025029
      0.13771922     -0.32152856   -0.0099004948
      0.14340877     -0.32964968    -0.010168299
      0.14910705     -0.33715055    -0.010518734
      0.15481310     -0.34409885    -0.010932214
     0.088529662     -0.26529029   -0.0062079318
     0.094151697     -0.28103490   -0.0068524451
     0.099794439     -0.29500214   -0.0074651301
      0.10545456     -0.30747226   -0.0079835561
      0.11112941     -0.31867040   -0.0083876076
      0.11681685     -0.32877930   -0.0086788108
      0.12251511     -0.33794873   -0.0088730790
      0.12822275     -0.34630247   -0.0090035348
      0.13393858     -0.35394373   -0.0091266416
      0.13966159     -0.36095912   -0.0093146546
      0.14539093     -0.36742190   -0.0096184779
      0.15112589     -0.37339442    -0.010030993
     0.084541084     -0.31401438   -0.0040475786
     0.090225065     -0.32739588   -0.0051364167
     0.095923286     -0.33918945   -0.0061297739
      0.10163335     -0.34965915   -0.0069396504
      0.10735337     -0.35901409   -0.0075525141
      0.11308184     -0.36742190   -0.0079795868
      0.11881752     -0.37501847   -0.0082394100
      0.12455944     -0.38191504   -0.0083596913
      0.13030675     -0.38820352   -0.0083952125
      0.13605878     -0.39396051   -0.0084518531
      0.14181496     -0.39925032   -0.0086605746
      0.14757479     -0.40412734   -0.0090654730
     0.080772740     -0.36742190   -0.0011275096
     0.086509708     -0.37785557   -0.0029237408
     0.092254922     -0.38699060   -0.0044915178
     0.098006931     -0.39505398   -0.0057180692
      0.10376461     -0.40222294   -0.0066245967
      0.10952705     -0.40863786   -0.0072536952
      0.11529356     -0.41441129   -0.0076394033
      0.12106354     -0.41963456   -0.0078049869
      0.12683652     -0.42438247   -0.0077788852
      0.13261211     -0.42871690   -0.0076475538
      0.13838999     -0.43268948   -0.0076399961
      0.14416987     -0.43634358   -0.0079902052
     0.077256866     -0.42587049    0.0029229254
     0.083033992     -0.43268948  -9.1321112e-05
     0.088814477     -0.43862109   -0.0025217197
     0.094597705     -0.44382761   -0.0043118961
      0.10038320     -0.44843409   -0.0055958521
      0.10617060     -0.45253846   -0.0064869780
      0.11195959     -0.45621843   -0.0070570466
      0.11774996     -0.45953653   -0.0073412387
      0.12354150     -0.46254355   -0.0073454946
      0.12933406     -0.46528124   -0.0070695860
      0.13512750     -0.46778420   -0.0066497313
      0.14092172     -0.47008135   -0.0067315421
     0.074029439     -0.48965004    0.0085487855
     0.079829224     -0.49211735    0.0032589869
     0.085629428     -0.49425041  -0.00033940502
     0.091429973     -0.49611283   -0.0027944054
     0.097230797     -0.49775303   -0.0045006170
      0.10303185     -0.49920853   -0.0056841696
      0.10883310     -0.50050887   -0.0064723706
      0.11463452     -0.50167759   -0.0069297358
      0.12043608     -0.50273372   -0.0070719437
      0.12623776     -0.50369278   -0.0068633470
      0.13203954     -0.50456755   -0.0062014395
      0.13784142     -0.50536868   -0.0052162610
      0.12064559      -1.0231459    -0.012411854
      0.11573083     -0.99703530    -0.011288793
      0.11090192     -0.96863003    -0.010142847
      0.10617060     -0.93766620   -0.0089659587
      0.10155049     -0.90384998   -0.0077404271
     0.097057480     -0.86685723   -0.0064340714
     0.092710055     -0.82633517   -0.0049941041
     0.088529662     -0.78190727   -0.0033382357
     0.084541084     -0.73318317   -0.0013398528
     0.080772740     -0.67977565    0.0011991035
     0.077256866     -0.62132707    0.0045971879
     0.074029439     -0.55754751    0.0093100744
      0.12577009      -1.0010423    -0.012938098
      0.12092438     -0.97515367    -0.011856612
      0.11616645     -0.94712422    -0.010754706
      0.11150753     -0.91672697   -0.0096279992
      0.10696057     -0.88371258   -0.0084649905
      0.10254044     -0.84780991   -0.0072430397
     0.098264280     -0.80872834   -0.0059240460
     0.094151697     -0.76616265   -0.0044496561
     0.090225065     -0.71980168   -0.0027360537
     0.086509708     -0.66934198  -0.00067094821
     0.083033992     -0.61450807    0.0018682253
     0.079829224     -0.55508020    0.0048581318
      0.13095120     -0.98067850    -0.013448579
      0.12617105     -0.95508293    -0.012402396
      0.12148004     -0.92749132    -0.011337985
      0.11688889     -0.89770804    -0.010255768
      0.11240984     -0.86552078   -0.0091513614
      0.10805682     -0.83070165   -0.0080121234
      0.10384570     -0.79300970   -0.0068139302
     0.099794439     -0.75219541   -0.0055189000
     0.095923286     -0.70800810   -0.0040756854
     0.092254922     -0.66020695   -0.0024266120
     0.088814477     -0.60857646  -0.00053555569
     0.085629428     -0.55294714    0.0015206090
      0.13618247     -0.96187185    -0.013952516
      0.13146448     -0.93662154    -0.012934988
      0.12683652     -0.90951022    -0.011898435
      0.12230879     -0.88036886    -0.010848868
      0.11789286     -0.84901607   -0.0097894679
      0.11360176     -0.81525936   -0.0087175660
      0.10945016     -0.77889763   -0.0076216849
      0.10545456     -0.73972529   -0.0064796395
      0.10163335     -0.69753840   -0.0052598850
     0.098006931     -0.65214357   -0.0039297405
     0.094597705     -0.60336994   -0.0024768089
     0.091429973     -0.55108472  -0.00095476647
      0.14145834     -0.94446226    -0.014462157
      0.13679924     -0.91959460    -0.013466997
      0.13223068     -0.89299116    -0.012447197
      0.12776234     -0.86450551    -0.011414865
      0.12340514     -0.83398204    -0.010380689
      0.11917125     -0.80125737   -0.0093516879
      0.11507430     -0.76616265   -0.0083284052
      0.11112941     -0.72852715   -0.0073020619
      0.10735337     -0.68818346   -0.0062539632
      0.10376461     -0.64497461   -0.0051611082
      0.10038320     -0.59876346   -0.0040116528
     0.097230797     -0.54944452   -0.0028312743
      0.14677399     -0.92830910    -0.014994901
      0.14217068     -0.90384998    -0.014015771
      0.13765808     -0.87777079    -0.013000894
      0.13324541     -0.84994429    -0.011968937
      0.12894292     -0.82023647    -0.010937335
      0.12476203     -0.78850797   -0.0099216009
      0.12071535     -0.75461616   -0.0089337195
      0.11681685     -0.71841825   -0.0079786662
      0.11308184     -0.67977565   -0.0070502172
      0.10952705     -0.63855970   -0.0061308534
      0.10617060     -0.59465910   -0.0052018908
      0.10303185     -0.54798902   -0.0042638890
      0.15212526     -0.91328867    -0.015576028
      0.14757479     -0.88925508    -0.014604391
      0.14311496     -0.86370806    -0.013581000
      0.13875449     -0.83653668    -0.012532258
      0.13450306     -0.80762512    -0.011480917
      0.13037134     -0.77685391    -0.010448058
      0.12637106     -0.74410189   -0.0094544843
      0.12251511     -0.70924883   -0.0085192151
      0.11881752     -0.67217908   -0.0076531349
      0.11529356     -0.63278626   -0.0068500218
      0.11195959     -0.59097912   -0.0060859631
      0.10883310     -0.54668868   -0.0053371889
      0.15750851     -0.89929199    -0.016242864
      0.15300811     -0.87569400    -0.015263153
      0.14859805     -0.85068070    -0.014212625
      0.14428661     -0.82415512    -0.013128808
      0.14008289     -0.79601672    -0.012038160
      0.13599690     -0.76616265    -0.010962569
      0.13203954     -0.73448939   -0.0099252087
      0.12822275     -0.70089508   -0.0089542586
      0.12455944     -0.66528251   -0.0080810596
      0.12106354     -0.62756299   -0.0073262175
      0.11774996     -0.58766102   -0.0066771374
      0.11463452     -0.54551996   -0.0060881840
      0.16292058     -0.88622279    -0.017052179
      0.15846764     -0.86306513    -0.016031969
      0.15410457     -0.83858241    -0.014922620
      0.14983921     -0.81268955    -0.013780599
      0.14568015     -0.78529900    -0.012634050
      0.14163676     -0.75632177    -0.011499776
      0.13771922     -0.72566899    -0.010394167
      0.13393858     -0.69325382   -0.0093417255
      0.13030675     -0.65899403   -0.0083834303
      0.12683652     -0.62281508   -0.0075777619
      0.12354150     -0.58465400   -0.0069672726
      0.12043608     -0.54446383   -0.0065137328
      0.16835869     -0.87399591    -0.018094762
      0.16395076     -0.85127920    -0.016962469
      0.15963208     -0.82732041    -0.015735004
      0.15541010     -0.80204467    -0.014500838
      0.15129291     -0.77537543    -0.013282769
      0.14728929     -0.74723539    -0.012084692
      0.14340877     -0.71754787    -0.010908102
      0.13966159     -0.68623843   -0.0097601103
      0.13605878     -0.65323704   -0.0086641681
      0.13261211     -0.61848065   -0.0076836403
      0.12933406     -0.58191631   -0.0069502363
      0.12623776     -0.54350478   -0.0065654516
      0.17382038     -0.86253578    -0.019525917
      0.16945517     -0.84025751    -0.018107214
      0.16517849     -0.81681346    -0.016654281
      0.16099738     -0.79213757    -0.015281883
      0.15691950     -0.76616265    -0.013978012
      0.15295308     -0.73882129    -0.012719954
      0.14910705     -0.71004701    -0.011489110
      0.14539093     -0.67977565    -0.010271587
      0.14181496     -0.64794723   -0.0090589968
      0.13838999     -0.61450807   -0.0078591331
      0.13512750     -0.57941335   -0.0067588648
      0.13203954     -0.54263000   -0.0061434872
      0.17930351     -0.85177521    -0.021597103
      0.17497887     -0.82993048    -0.019400680
      0.17074194     -0.80699020    -0.017605787
      0.16659940     -0.78289588    -0.016070492
      0.16255848     -0.75758835    -0.014682745
      0.15862693     -0.73100859    -0.013379536
      0.15481310     -0.70309870    -0.012121742
      0.15112589     -0.67380313    -0.010880861
      0.14757479     -0.64307021   -0.0096305918
      0.14416987     -0.61085397   -0.0083389421
      0.14092172     -0.57711621   -0.0069586384
      0.13784142     -0.54182887   -0.0054633596
      0.11810689      -1.0594810    -0.012438933
      0.11832053      -1.1085407    -0.013075369
      0.11881752      -1.1573068    -0.013776514
      0.11959435      -1.2055531    -0.014564245
      0.12064559      -1.2530678    -0.015470869
      0.12196416      -1.2996585    -0.016542998
      0.12354150      -1.3451564    -0.017847680
      0.12536783      -1.3894182    -0.019483137
      0.12743246      -1.4323277    -0.021598750
      0.12972401      -1.4737955    -0.024433297
      0.13223068      -1.5137577    -0.028382122
      0.13494047      -1.5521743    -0.033792558
      0.11308184      -1.0343682    -0.011279658
      0.11315626      -1.0856686    -0.011881782
      0.11352763      -1.1367673    -0.012536903
      0.11419305      -1.1874017    -0.013265113
      0.11514743      -1.2373232    -0.014096675
      0.11638365      -1.2863043    -0.015073546
      0.11789286      -1.3341438    -0.016251422
      0.11966472      -1.3806707    -0.017703200
      0.12168776      -1.4257457    -0.019524104
      0.12394968      -1.4692613    -0.021832474
      0.12643766      -1.5111413    -0.024723936
      0.12913864      -1.5513375    -0.027917187
      0.10813470      -1.0069391    -0.010100073
      0.10805682      -1.0606235    -0.010672268
      0.10829029      -1.1142307    -0.011281270
      0.10883310      -1.1674552    -0.011943040
      0.10968067      -1.2200044    -0.012684886
      0.11082599      -1.2716078    -0.013545262
      0.11225996      -1.3220245    -0.014572237
      0.11397167      -1.3710485    -0.015820684
      0.11594884      -1.4185117    -0.017347349
      0.11817814      -1.4642842    -0.019197501
      0.12064559      -1.5082737    -0.021357964
      0.12333690      -1.5504221    -0.023605720
      0.10327668     -0.97690498   -0.0088942909
      0.10303185      -1.0331168   -0.0094489545
      0.10311353      -1.0894176    -0.010020772
      0.10352093      -1.1454521    -0.010618676
      0.10425025      -1.2008751    -0.011265712
      0.10529478      -1.2553634    -0.011998362
      0.10664528      -1.3086268    -0.012863064
      0.10829029      -1.3604156    -0.013909091
      0.11021663      -1.4105248    -0.015177650
      0.11240984      -1.4587962    -0.016685773
      0.11485462      -1.5051169    -0.018396986
      0.11753528      -1.5494162    -0.020162922
     0.098520957     -0.94393914   -0.0076467437
     0.098092789      -1.0028152   -0.0082068425
     0.098006931      -1.0620003   -0.0087618933
     0.098264280      -1.1210821   -0.0093099687
     0.098862156      -1.1796521   -0.0098671604
     0.099794439      -1.2373232    -0.010467748
      0.10105187      -1.2937431    -0.011161247
      0.10262251      -1.3486067    -0.012003418
      0.10449222      -1.4016622    -0.013040246
      0.10664528      -1.4527146    -0.014287877
      0.10906491      -1.5016248    -0.015712270
      0.11173379      -1.5483060    -0.017208171
     0.093883075     -0.90767348   -0.0063272665
     0.093253282     -0.96933498   -0.0069295748
     0.092982065      -1.0315948   -0.0075029310
     0.093072559      -1.0939756   -0.0080299608
     0.093523713      -1.1559947   -0.0085156455
     0.094330353      -1.2171858   -0.0089886075
     0.095483470      -1.2771194   -0.0095016664
     0.096970705      -1.3354193    -0.010125811
     0.098776967      -1.3917732    -0.010930907
      0.10088512      -1.4459383    -0.011955271
      0.10327668      -1.4977413    -0.013179605
      0.10593246      -1.5470741    -0.014519345
     0.089381384     -0.86769763   -0.0048849390
     0.088529662     -0.93223663   -0.0055846916
     0.088052924     -0.99775072   -0.0062298653
     0.087957266      -1.0636918   -0.0067830085
     0.088243928      -1.1294899   -0.0072339839
     0.088909212      -1.1945825   -0.0075995637
     0.089944717      -1.2584426   -0.0079286887
     0.091337852      -1.3206024   -0.0083071614
     0.093072559      -1.3806707   -0.0088455321
     0.095130154      -1.4383417   -0.0096353878
     0.097490195      -1.4933967    -0.010693651
      0.10013130      -1.5456994    -0.011945115
     0.085037513     -0.82356093   -0.0032395451
     0.083941494     -0.89102068   -0.0041187768
     0.083236514     -0.95994235   -0.0049127674
     0.082932545      -1.0297039   -0.0055602113
     0.083033992      -1.0996358   -0.0060355719
     0.083539377      -1.1690590   -0.0063391939
     0.084441448      -1.2373232   -0.0065026386
     0.085727684      -1.3038422   -0.0066081991
     0.087381121      -1.3681203   -0.0068067791
     0.089381384      -1.4297674   -0.0072858511
     0.091705780      -1.4885040   -0.0081557181
     0.094330353      -1.5441557   -0.0093592723
     0.080876896     -0.77477960   -0.0012682483
     0.079512230     -0.84512734   -0.0024536294
     0.078553575     -0.91755929   -0.0035055116
     0.078015899     -0.99138298   -0.0043374230
     0.077907918      -1.0658196   -0.0049171428
     0.078231413      -1.1400508   -0.0052334381
     0.078981081      -1.2132715   -0.0052912791
     0.080144964      -1.2847410   -0.0051350093
     0.081705362      -1.3538237   -0.0049068006
     0.083640088      -1.4200152   -0.0049042832
     0.085923857      -1.4829526   -0.0054624801
     0.088529662      -1.5424097   -0.0066276437
     0.076929273     -0.72085204    0.0012163609
     0.075269928     -0.79394241  -0.00048800338
     0.074029439     -0.86990125   -0.0019542947
     0.073229098     -0.94798125   -0.0030816313
     0.072883404      -1.0272916   -0.0038575451
     0.072998817      -1.1068526   -0.0042801314
     0.073573167      -1.1856661   -0.0043378974
     0.074595855      -1.2627890   -0.0040179884
     0.076048795      -1.3373965   -0.0033611428
     0.077907918      -1.4088267   -0.0026314429
     0.080144964      -1.4766004   -0.0025201039
     0.082729279      -1.5404188   -0.0035690218
     0.073229098     -0.66128611    0.0044934981
     0.071247991     -0.73681429    0.0018722445
     0.069695040     -0.81618017  -0.00022837134
     0.068599329     -0.89861725   -0.0017727588
     0.067982971     -0.98313530   -0.0028310478
     0.067859027      -1.0685776   -0.0034478990
     0.068230182      -1.1537096   -0.0036252822
     0.069088457      -1.2373232   -0.0033204556
     0.070416043      -1.3183353   -0.0024529737
     0.072187050      -1.3958630  -0.00098633367
     0.074369807      -1.4692613   0.00054215943
     0.076929273      -1.5381277   0.00011425115
     0.069815724     -0.59564266    0.0088049709
     0.067485831     -0.67308829    0.0045416339
     0.065588004     -0.75553697    0.0015927456
     0.064160597     -0.84226918  -0.00044817750
     0.063235473     -0.93223663   -0.0018366000
     0.062834822      -1.0241076   -0.0027002190
     0.062968656      -1.1163691   -0.0030826502
     0.063633602      -1.2074691   -0.0029583468
     0.064813316      -1.2959694   -0.0022234157
     0.066480399      -1.3806707  -0.00065858089
     0.068599329      -1.4606871    0.0021171885
     0.071129737      -1.5354631    0.0049469047
      0.12313197      -1.0589797    -0.013265637
      0.12815708      -1.0358774    -0.013759221
      0.13324541      -1.0145290    -0.014238461
      0.13838999     -0.99475928    -0.014709914
      0.14358476     -0.97641334    -0.015181702
      0.14882449     -0.95935382    -0.015666494
      0.15410457     -0.94345895    -0.016184876
      0.15942100     -0.92862067    -0.016769313
      0.16477026     -0.91474295    -0.017469152
      0.17014926     -0.90174030    -0.018356063
      0.17555525     -0.88953649    -0.019512039
      0.18098583     -0.87806342    -0.020753263
      0.12333690      -1.1060428    -0.013905090
      0.12822275      -1.0811463    -0.014370921
      0.13318222      -1.0580905    -0.014822632
      0.13820737      -1.0367007    -0.015263831
      0.14329131      -1.0168200    -0.015696242
      0.14842800     -0.99830855    -0.016123301
      0.15361213     -0.98104093    -0.016554005
      0.15883907     -0.96490521    -0.017006219
      0.16410473     -0.94980126    -0.017508027
      0.16940548     -0.93563947    -0.018093516
      0.17473815     -0.92233952    -0.018778451
      0.18009990     -0.90982937    -0.019460308
      0.12381377      -1.1528466    -0.014607398
      0.12855060      -1.1262765    -0.015036850
      0.13337171      -1.1016108    -0.015457722
      0.13826827      -1.0786790    -0.015872318
      0.14323255      -1.0573262    -0.016276631
      0.14825775      -1.0374123    -0.016664466
      0.15333787      -1.0188109    -0.017032443
      0.15846764      -1.0014081    -0.017384703
      0.16364239     -0.98510130    -0.017734939
      0.16885797     -0.96979797    -0.018102364
      0.17411073     -0.95541480    -0.018496054
      0.17939739     -0.94187669    -0.018878474
      0.12455944      -1.1991907    -0.015389706
      0.12913864      -1.1710863    -0.015765442
      0.13381282      -1.1449258    -0.016145267
      0.13857236      -1.1205467    -0.016532785
      0.14340877      -1.0977991    -0.016919866
      0.14831452      -1.0765459    -0.017290727
      0.15328296      -1.0566620    -0.017627997
      0.15830819      -1.0380335    -0.017920245
      0.16338496      -1.0205569    -0.018168032
      0.16850863      -1.0041383    -0.018383880
      0.17367503     -0.98869263    -0.018582631
      0.17888046     -0.97414255    -0.018762442
      0.12556912      -1.2448866    -0.016278322
      0.12998333      -1.2154020    -0.016570061
      0.13450306      -1.1878763    -0.016886812
      0.13911804      -1.1621585    -0.017237252
      0.14381909      -1.1381068    -0.017612183
      0.14859805      -1.1155899    -0.017987772
      0.15344764      -1.0944861    -0.018331091
      0.15836136      -1.0746835    -0.018609957
      0.16333343      -1.0560796    -0.018805659
      0.16835869      -1.0385806    -0.018921299
      0.17343250      -1.0221006    -0.018977630
      0.17855073      -1.0065615    -0.018996713
      0.12683652      -1.2897614    -0.017313568
      0.13107971      -1.2590610    -0.017473551
      0.13543864      -1.2303109    -0.017688282
      0.13990249      -1.2033744    -0.017976152
      0.14446154      -1.1781207    -0.018331256
      0.14910705      -1.1544263    -0.018726087
      0.15383119      -1.1321752    -0.019113785
      0.15862693      -1.1112598    -0.019435769
      0.16348798      -1.0915799    -0.019640387
      0.16840868      -1.0730433    -0.019707106
      0.17338395      -1.0555648    -0.019656154
      0.17840922      -1.0390660    -0.019531511
      0.12835399      -1.3336620    -0.018556572
      0.13242153      -1.3019156    -0.018513588
      0.13661451      -1.2720893    -0.018565249
      0.14092172      -1.2440625    -0.018744175
      0.14533302      -1.2177175    -0.019051376
      0.14983921      -1.1929408    -0.019462321
      0.15443199      -1.1696241    -0.019924884
      0.15910385      -1.1476653    -0.020356222
      0.16384803      -1.1269687    -0.020655181
      0.16865843      -1.1074447    -0.020745407
      0.17352955      -1.0890101    -0.020624238
      0.17845640      -1.0715878    -0.020359133
      0.13011279      -1.3764565    -0.020099426
      0.13400142      -1.3438352    -0.019747943
      0.13802452      -1.3130845    -0.019547212
      0.14217068      -1.2841012    -0.019546685
      0.14642945      -1.2567819    -0.019752634
      0.15079129      -1.2310249    -0.020147337
      0.15524751      -1.2067311    -0.020687870
      0.15979021      -1.1838057    -0.021288506
      0.16441223      -1.1621585    -0.021800873
      0.16910706      -1.1417040    -0.022042616
      0.17386881      -1.1223622    -0.021918867
      0.17869211      -1.1040581    -0.021509435
      0.13210329      -1.4180357    -0.022081312
      0.13581107      -1.3847081    -0.021257173
      0.13966159      -1.3531848    -0.020676800
      0.14364338      -1.3233808    -0.020402163
      0.14774583      -1.2952081    -0.020430720
      0.15195916      -1.2685774    -0.020743978
      0.15627440      -1.2434005    -0.021316106
      0.16068334      -1.2195907    -0.022094557
      0.16517849      -1.1970647    -0.022943397
      0.16975298      -1.1757423    -0.023566845
      0.17440059      -1.1555477    -0.023610811
      0.17911561      -1.1364088    -0.023060250
      0.13431517      -1.4583133    -0.024712279
      0.13784142      -1.4244417    -0.023135089
      0.14151784      -1.3922947    -0.021995705
      0.14533302      -1.3618053    -0.021333460
      0.14927633      -1.3329010    -0.021098163
      0.15333787      -1.3055060    -0.021245658
      0.15750851      -1.2795432    -0.021754274
      0.16177981      -1.2549354    -0.022617607
      0.16614400      -1.2316069    -0.023803647
      0.17059396      -1.2094839    -0.025097727
      0.17512315      -1.1884954    -0.025777309
      0.17972557      -1.1685734    -0.025170247
      0.13673769      -1.4972251    -0.028270484
      0.14008289      -1.4629631    -0.025421157
      0.14358476      -1.4303355    -0.023497914
      0.14723213      -1.3992928    -0.022340043
      0.15101444      -1.3697778    -0.021768310
      0.15492181      -1.3417281    -0.021675445
      0.15894503      -1.3150784    -0.022015743
      0.16307552      -1.2897614    -0.022796621
      0.16730534      -1.2657098    -0.024077341
      0.17162713      -1.2428568    -0.025942462
      0.17603413      -1.2211372    -0.028122722
      0.18052009      -1.2004877    -0.028163327
      0.13935988      -1.5347276    -0.032378625
      0.14252552      -1.5002178    -0.027776436
      0.14585341      -1.4672450    -0.025011235
      0.14933271      -1.4357757    -0.023346875
      0.15295308      -1.4057676    -0.022423833
      0.15670476      -1.3771716    -0.022058359
      0.16057853      -1.3499339    -0.022164856
      0.16456577      -1.3239976    -0.022727399
      0.16865843      -1.2993041    -0.023799219
      0.17284904      -1.2757942    -0.025531788
      0.17713063      -1.2534089    -0.028262085
      0.18149677      -1.2320904    -0.032765863
