    0.0029014425      0.52359878    0.0062757757
    0.0076764953       1.2373232    0.0059729250
     0.013296080       1.3806707    0.0056703595
     0.019026031       1.4383417    0.0053531697
     0.024789936       1.4692613    0.0050044512
     0.030568593       1.4885040    0.0046034561
     0.036354970       1.5016248    0.0041229917
     0.042145887       1.5111413    0.0035252016
     0.047939698       1.5183581    0.0027539480
     0.053735467       1.5240183    0.0017199002
     0.059532623       1.5285763   0.00026935762
     0.065330796       1.5323253   -0.0018670461
    0.0076764953     -0.19012560    0.0065381765
    0.0087043275      0.52359878    0.0062501928
     0.012647095      0.93223663    0.0059689151
     0.017648786       1.1294899    0.0056790952
     0.023029486       1.2373232    0.0053641485
     0.028575895       1.3038422    0.0050048895
     0.034207502       1.3486067    0.0045780718
     0.039888240       1.3806707    0.0040543447
     0.045599748       1.4047223    0.0033952711
     0.051331758       1.4234114    0.0025504021
     0.057078092       1.4383417    0.0014651564
     0.062834822       1.4505387   0.00018326791
     0.013296080     -0.33347317    0.0067647665
     0.012647095      0.11496092    0.0064985339
     0.014507212      0.52359878    0.0062456529
     0.018119503      0.80463368    0.0059911557
     0.022660990      0.98313530    0.0057191085
     0.027677997       1.0996358    0.0054117503
     0.032954052       1.1796521    0.0050490466
     0.038382476       1.2373232    0.0046086414
     0.043906792       1.2805974    0.0040664486
     0.049494901       1.3141517    0.0033998559
     0.055127407       1.3408745    0.0026021265
     0.060791971       1.3626305    0.0017367573
     0.019026031     -0.39114418    0.0069421969
     0.017648786    -0.082292343    0.0067055504
     0.018119503      0.24256387    0.0064882297
     0.020310097      0.52359878    0.0062762442
     0.023749330      0.73681429    0.0060547152
     0.027980498      0.89102068    0.0058069816
     0.032697596       1.0028152    0.0055146195
     0.037718752       1.0856686    0.0051586644
     0.042937428       1.1487325    0.0047222003
     0.048289627       1.1979787    0.0041950697
     0.053735467       1.2373232    0.0035839880
     0.059249132       1.2693872    0.0029354689
     0.024789936     -0.42206380    0.0070562493
     0.023029486     -0.19012560    0.0068583167
     0.022660990     0.064062249    0.0066841206
     0.023749330      0.31038327    0.0065214549
     0.026112982      0.52359878    0.0063572912
     0.029446425      0.69510233    0.0061762693
     0.033461067      0.82868530    0.0059603522
     0.037941284      0.93223663    0.0056904657
     0.042740917       1.0132488    0.0053504792
     0.047763772       1.0775751    0.0049329942
     0.052946357       1.1294899    0.0044464506
     0.058246052       1.1720556    0.0039243809
     0.030568593     -0.44130643    0.0070918276
     0.028575895     -0.25664466    0.0069435313
     0.027677997    -0.052438271    0.0068208684
     0.027980498      0.15617687    0.0067141419
     0.029446425      0.35209522    0.0066134568
     0.031915867      0.52359878    0.0065060147
     0.035178121      0.66694634    0.0063743268
     0.039034916      0.78401695    0.0061968472
     0.043327776      0.87899313    0.0059526836
     0.047939698      0.95628825    0.0056299388
     0.052787119       1.0197116    0.0052338708
     0.057810832       1.0722945    0.0047911086
     0.036354970     -0.45442728    0.0070323467
     0.034207502     -0.30140915    0.0069473536
     0.032954052     -0.13245460    0.0068863115
     0.032697596     0.044382395    0.0068422472
     0.033461067      0.21851225    0.0068099432
     0.035178121      0.38025121    0.0067816315
     0.037718752      0.52359878    0.0067428836
     0.040929883      0.64669121    0.0066700118
     0.044667139      0.75055985    0.0065328030
     0.048809818      0.83761316    0.0063061865
     0.053263404      0.91058938    0.0059859547
     0.057956268      0.97203287    0.0055953632
     0.042145887     -0.46394375    0.0068580628
     0.039888240     -0.33347317    0.0068547755
     0.038382476     -0.19012560    0.0068688065
     0.037718752    -0.038471027    0.0068951048
     0.037941284      0.11496092    0.0069345056
     0.039034916      0.26318061    0.0069873810
     0.040929883      0.40050634    0.0070474226
     0.043521637      0.52359878    0.0070943240
     0.046694298      0.63143204    0.0070885997
     0.050338146      0.72461735    0.0069804616
     0.054358508      0.80463368    0.0067406054
     0.058678043      0.87325792    0.0063864879
     0.047939698     -0.47116050    0.0065426009
     0.045599748     -0.35752479    0.0066484727
     0.043906792     -0.23339984    0.0067575505
     0.042937428     -0.10153498    0.0068647356
     0.042740917     0.033948732    0.0069781727
     0.043327776      0.16820442    0.0071090566
     0.044667139      0.29663770    0.0072648089
     0.046694298      0.41576552    0.0074396262
     0.049324522      0.52359878    0.0075979809
     0.052467195      0.61952847    0.0076606764
     0.056036162      0.70393909    0.0075376953
     0.059955345      0.77778663    0.0072161216
     0.053735467     -0.47682074    0.0060464148
     0.051331758     -0.37621381    0.0063077807
     0.049494901     -0.26695412    0.0065437773
     0.048289627     -0.15078113    0.0067477473
     0.047763772    -0.030377509    0.0069382713
     0.047939698     0.090909298    0.0071394858
     0.048809818      0.20958439    0.0073751190
     0.050338146      0.32258020    0.0076632668
     0.052467195      0.42766908    0.0079998636
     0.055127407      0.52359878    0.0083128195
     0.058246052      0.60998578    0.0084141156
     0.061753712      0.68708375    0.0081521990
     0.059532623     -0.48137874    0.0053056868
     0.057078092     -0.39114418    0.0058121123
     0.055127407     -0.29367693    0.0062258753
     0.053735467     -0.19012560    0.0065488727
     0.052946357    -0.082292343    0.0068213026
     0.052787119     0.027485946    0.0070837947
     0.053263404      0.13660817    0.0073749113
     0.054358508      0.24256387    0.0077341119
     0.056036162      0.34325846    0.0082010954
     0.058246052      0.43721177    0.0087891957
     0.060930292      0.52359878    0.0093377248
     0.064029255      0.60216630    0.0093006175
     0.065330796     -0.48512775    0.0042310479
     0.062834822     -0.40334111    0.0051732805
     0.060791971     -0.31543293    0.0058276722
     0.059249132     -0.22218963    0.0062889383
     0.058246052     -0.12485803    0.0066457285
     0.057810832    -0.025096915    0.0069606377
     0.057956268     0.075164683    0.0072838408
     0.058678043      0.17393963    0.0076645554
     0.059955345      0.26941092    0.0081622629
     0.061753712      0.36011380    0.0088604466
     0.064029255      0.44503126    0.0098663811
     0.066733177      0.52359878     0.010805510
    0.0029014425       2.6179939    0.0061476457
    0.0076764953      -2.9514671    0.0061702476
     0.013296080      -2.8081195    0.0061800541
     0.019026031      -2.7504485    0.0061664488
     0.024789936      -2.7195289    0.0061187525
     0.030568593      -2.7002862    0.0060252512
     0.036354970      -2.6871654    0.0058717382
     0.042145887      -2.6776489    0.0056393666
     0.047939698      -2.6704321    0.0053015058
     0.053735467      -2.6647719    0.0048199820
     0.059532623      -2.6602139    0.0041512615
     0.065330796      -2.6564649    0.0034134717
    0.0076764953       1.9042695    0.0058337777
    0.0087043275       2.6179939    0.0058479271
     0.012647095       3.0266317    0.0058549959
     0.017648786      -3.0593003    0.0058466790
     0.023029486      -2.9514671    0.0058156593
     0.028575895      -2.8849480    0.0057545410
     0.034207502      -2.8401835    0.0056544693
     0.039888240      -2.8081195    0.0055037521
     0.045599748      -2.7840679    0.0052872034
     0.051331758      -2.7653788    0.0049883860
     0.057078092      -2.7504485    0.0046037889
     0.062834822      -2.7382515    0.0042033458
     0.013296080       1.7609219    0.0055214529
     0.012647095       2.2093560    0.0055335863
     0.014507212       2.6179939    0.0055411703
     0.018119503       2.8990288    0.0055373408
     0.022660990       3.0775304    0.0055175862
     0.027677997      -3.0891544    0.0054786328
     0.032954052      -3.0091381    0.0054168736
     0.038382476      -2.9514671    0.0053268119
     0.043906792      -2.9081928    0.0052005810
     0.049494901      -2.8746385    0.0050303532
     0.055127407      -2.8479157    0.0048171416
     0.060791971      -2.8261597    0.0045920032
     0.019026031       1.7032509    0.0051974659
     0.017648786       2.0121028    0.0052166676
     0.018119503       2.3369590    0.0052305824
     0.020310097       2.6179939    0.0052326779
     0.023749330       2.8312094    0.0052203918
     0.027980498       2.9854158    0.0051941223
     0.032697596       3.0972103    0.0051554586
     0.037718752      -3.1031216    0.0051048653
     0.042937428      -3.0400577    0.0050399600
     0.048289627      -2.9908115    0.0049562720
     0.053735467      -2.9514671    0.0048522044
     0.059249132      -2.9194030    0.0047385906
     0.024789936       1.6723313    0.0048468337
     0.023029486       1.9042695    0.0048861226
     0.022660990       2.1584574    0.0049160945
     0.023749330       2.4047784    0.0049292047
     0.026112982       2.6179939    0.0049236553
     0.029446425       2.7894974    0.0049026707
     0.033461067       2.9230804    0.0048729851
     0.037941284       3.0266317    0.0048419075
     0.042740917       3.1076439    0.0048135319
     0.047763772      -3.1112151    0.0047866159
     0.052946357      -3.0593003    0.0047568665
     0.058246052      -3.0167346    0.0047234659
     0.030568593       1.6530887    0.0044508380
     0.028575895       1.8377504    0.0045286887
     0.027677997       2.0419568    0.0045898122
     0.027980498       2.2505720    0.0046242087
     0.029446425       2.4464903    0.0046294763
     0.031915867       2.6179939    0.0046101639
     0.035178121       2.7613414    0.0045772751
     0.039034916       2.8784120    0.0045460733
     0.043327776       2.9733882    0.0045305364
     0.047939698       3.0506834    0.0045363797
     0.052787119       3.1141067    0.0045588747
     0.057810832      -3.1164957    0.0045887425
     0.036354970       1.6399678    0.0039845081
     0.034207502       1.7929860    0.0041270548
     0.032954052       1.9619405    0.0042414069
     0.032697596       2.1387775    0.0043139093
     0.033461067       2.3129074    0.0043406859
     0.035178121       2.4746463    0.0043257626
     0.037718752       2.6179939    0.0042817476
     0.040929883       2.7410863    0.0042308398
     0.044667139       2.8449550    0.0042011481
     0.048809818       2.9320083    0.0042141011
     0.053263404       3.0049845    0.0042709356
     0.057956268       3.0664280    0.0043548288
     0.042145887       1.6304514    0.0034131234
     0.039888240       1.7609219    0.0036582420
     0.038382476       1.9042695    0.0038569899
     0.037718752       2.0559241    0.0039917763
     0.037941284       2.2093560    0.0040582770
     0.039034916       2.3575757    0.0040593722
     0.040929883       2.4949014    0.0040053965
     0.043521637       2.6179939    0.0039192779
     0.046694298       2.7258271    0.0038422307
     0.050338146       2.8190125    0.0038250619
     0.054358508       2.8990288    0.0038936299
     0.058678043       2.9676530    0.0040267553
     0.047939698       1.6232346    0.0026871620
     0.045599748       1.7368703    0.0030931772
     0.043906792       1.8609953    0.0034198712
     0.042937428       1.9928601    0.0036484266
     0.042740917       2.1283438    0.0037791878
     0.043327776       2.2625995    0.0038169337
     0.044667139       2.3910328    0.0037682579
     0.046694298       2.5101606    0.0036470831
     0.049324522       2.6179939    0.0034908778
     0.052467195       2.7139236    0.0033819768
     0.056036162       2.7983342    0.0034162868
     0.059955345       2.8721817    0.0035945776
     0.053735467       1.6175744    0.0017365194
     0.051331758       1.7181813    0.0024011630
     0.049494901       1.8274410    0.0029159180
     0.048289627       1.9436140    0.0032752354
     0.047763772       2.0640176    0.0034971054
     0.047939698       2.1853044    0.0035963871
     0.048809818       2.3039795    0.0035805753
     0.050338146       2.4169753    0.0034520594
     0.052467195       2.5220642    0.0032196469
     0.055127407       2.6179939    0.0029431683
     0.058246052       2.7043809    0.0028230166
     0.061753712       2.7814789    0.0030275214
     0.059532623       1.6130164   0.00048221938
     0.057078092       1.7032509    0.0015749959
     0.055127407       1.8007182    0.0023497326
     0.053735467       1.9042695    0.0028739133
     0.052946357       2.0121028    0.0032084553
     0.052787119       2.1218810    0.0033897811
     0.053263404       2.2310033    0.0034347794
     0.054358508       2.3369590    0.0033441897
     0.056036162       2.4376536    0.0031034031
     0.058246052       2.5316069    0.0026895285
     0.060930292       2.6179939    0.0021807118
     0.064029255       2.6965614    0.0022563707
     0.065330796       1.6092674  -0.00090453574
     0.062834822       1.6910540   0.00073482931
     0.060791971       1.7789622    0.0017827443
     0.059249132       1.8722055    0.0024730052
     0.058246052       1.9695371    0.0029224750
     0.057810832       2.0692982    0.0031924255
     0.057956268       2.1695598    0.0033131626
     0.058678043       2.2683347    0.0032937132
     0.059955345       2.3638060    0.0031231530
     0.061753712       2.4545089    0.0027635307
     0.064029255       2.5394264    0.0021269077
     0.066733177       2.6179939    0.0012213545
    0.0029014425      -1.5707963    0.0064541738
    0.0076764953     -0.85707195    0.0067252143
     0.013296080     -0.71372438    0.0069601376
     0.019026031     -0.65605337    0.0071444163
     0.024789936     -0.62513375    0.0072623286
     0.030568593     -0.60589112    0.0072972251
     0.036354970     -0.59277027    0.0072312589
     0.042145887     -0.58325380    0.0070440299
     0.047939698     -0.57603705    0.0067093356
     0.053735467     -0.57037681    0.0061889775
     0.059532623     -0.56581881    0.0054236236
     0.065330796     -0.56206980    0.0043473696
    0.0076764953      -2.2845207    0.0064959959
    0.0087043275      -1.5707963    0.0067991817
     0.012647095      -1.1621585    0.0070741813
     0.017648786     -0.96490521    0.0073056959
     0.023029486     -0.85707195    0.0074765747
     0.028575895     -0.79055289    0.0075686462
     0.034207502     -0.74578840    0.0075635888
     0.039888240     -0.71372438    0.0074434486
     0.045599748     -0.68967276    0.0071904156
     0.051331758     -0.67098374    0.0067864770
     0.057078092     -0.65605337    0.0062182697
     0.062834822     -0.64385644    0.0055144110
     0.013296080      -2.4278683    0.0065228972
     0.012647095      -1.9794342    0.0068637534
     0.014507212      -1.5707963    0.0071868781
     0.018119503      -1.2897614    0.0074763551
     0.022660990      -1.1112598    0.0077133337
     0.027677997     -0.99475928    0.0078770583
     0.032954052     -0.91474295    0.0079467015
     0.038382476     -0.85707195    0.0079038230
     0.043906792     -0.81379771    0.0077348964
     0.049494901     -0.78024343    0.0074339556
     0.055127407     -0.75352062    0.0070084347
     0.060791971     -0.73176462    0.0064983036
     0.019026031      -2.4855393    0.0065214900
     0.017648786      -2.1766874    0.0069031453
     0.018119503      -1.8518312    0.0072806240
     0.020310097      -1.5707963    0.0076379828
     0.023749330      -1.3575808    0.0079550184
     0.027980498      -1.2033744    0.0082077185
     0.032697596      -1.0915799    0.0083702721
     0.037718752      -1.0087265    0.0084191453
     0.042937428     -0.94566257    0.0083385775
     0.048289627     -0.89641642    0.0081258648
     0.053735467     -0.85707195    0.0077959006
     0.059249132     -0.82500793    0.0073877593
     0.024789936      -2.5164589    0.0064779518
     0.023029486      -2.2845207    0.0069007970
     0.022660990      -2.0303329    0.0073360795
     0.023749330      -1.7840118    0.0077688653
     0.026112982      -1.5707963    0.0081790513
     0.029446425      -1.3992928    0.0085402166
     0.033461067      -1.2657098    0.0088201663
     0.037941284      -1.1621585    0.0089851977
     0.042740917      -1.0811463    0.0090088536
     0.047763772      -1.0168200    0.0088823392
     0.052946357     -0.96490521    0.0086211279
     0.058246052     -0.92233952    0.0082652400
     0.030568593      -2.5357015    0.0063775058
     0.028575895      -2.3510398    0.0068396695
     0.027677997      -2.1468334    0.0073330406
     0.027980498      -1.9382182    0.0078447198
     0.029446425      -1.7422999    0.0083572606
     0.031915867      -1.5707963    0.0088452129
     0.035178121      -1.4274488    0.0092720176
     0.039034916      -1.3103782    0.0095908117
     0.043327776      -1.2154020    0.0097540626
     0.047939698      -1.1381068    0.0097325796
     0.052787119      -1.0746835    0.0095330418
     0.057810832      -1.0221006    0.0091992997
     0.036354970      -2.5488224    0.0062033107
     0.034207502      -2.3958043    0.0067024507
     0.032954052      -2.2268497    0.0072520352
     0.032697596      -2.0500127    0.0078411989
     0.033461067      -1.8758829    0.0084578999
     0.035178121      -1.7141439    0.0090834038
     0.037718752      -1.5707963    0.0096844721
     0.040929883      -1.4477039     0.010205704
     0.044667139      -1.3438352     0.010570838
     0.048809818      -1.2567819     0.010706956
     0.053263404      -1.1838057     0.010588233
     0.057956268      -1.1223622     0.010259162
     0.042145887      -2.5583389    0.0059341562
     0.039888240      -2.4278683    0.0064711599
     0.038382476      -2.2845207    0.0070761896
     0.037718752      -2.1328661    0.0077380388
     0.037941284      -1.9794342    0.0084514851
     0.039034916      -1.8312145    0.0092103278
     0.040929883      -1.6938888    0.0099968602
     0.043521637      -1.5707963     0.010765114
     0.046694298      -1.4629631     0.011420567
     0.050338146      -1.3697778     0.011822286
     0.054358508      -1.2897614     0.011854262
     0.058678043      -1.2211372     0.011530194
     0.047939698      -2.5655556    0.0055398934
     0.045599748      -2.4519199    0.0061257459
     0.043906792      -2.3277949    0.0067928732
     0.042937428      -2.1959301    0.0075237419
     0.042740917      -2.0604464    0.0083195121
     0.043327776      -1.9261907    0.0091893663
     0.044667139      -1.7977574     0.010140854
     0.046694298      -1.6786296     0.011163083
     0.049324522      -1.5707963     0.012189231
     0.052467195      -1.4748666     0.013034681
     0.056036162      -1.3904560     0.013401785
     0.059955345      -1.3166085     0.013134537
     0.053735467      -2.5712158    0.0049724453
     0.051331758      -2.4706089    0.0056425915
     0.049494901      -2.3613492    0.0063960832
     0.048289627      -2.2451762    0.0071998061
     0.047763772      -2.1247726    0.0080623903
     0.047939698      -2.0034858    0.0090084611
     0.048809818      -1.8848107     0.010070845
     0.050338146      -1.7718149     0.011284533
     0.052467195      -1.6667260     0.012664271
     0.055127407      -1.5707963     0.014118189
     0.058246052      -1.4844093     0.015223786
     0.061753712      -1.4073114     0.015261596
     0.059532623      -2.5757738    0.0041479760
     0.057078092      -2.4855393    0.0050014102
     0.055127407      -2.3880720    0.0058956333
     0.053735467      -2.2845207    0.0067861416
     0.052946357      -2.1766874    0.0077032894
     0.052787119      -2.0669092    0.0086892140
     0.053263404      -1.9577869    0.0097942962
     0.054358508      -1.8518312     0.011083346
     0.056036162      -1.7511366     0.012642878
     0.058246052      -1.6571833     0.014571291
     0.060930292      -1.5707963     0.016816550
     0.064029255      -1.4922288     0.018160936
     0.065330796      -2.5795229    0.0029415694
     0.062834822      -2.4977362    0.0042599810
     0.060791971      -2.4098280    0.0053519418
     0.059249132      -2.3165847    0.0063328774
     0.058246052      -2.2192531    0.0072886910
     0.057810832      -2.1194920    0.0082819149
     0.057956268      -2.0192304    0.0093712753
     0.058678043      -1.9204555     0.010626556
     0.059955345      -1.8249842     0.012146342
     0.061753712      -1.7342813     0.014088034
     0.064029255      -1.6493638     0.016728176
     0.066733177      -1.5707963     0.020546190
      0.12313197       1.0354154     0.013893172
      0.12815708       1.0585177     0.013919139
      0.13324541       1.0798661     0.013955153
      0.13838999       1.0996358     0.014006447
      0.14358476       1.1179818     0.014078972
      0.14882449       1.1350413     0.014179674
      0.15410457       1.1509362     0.014317071
      0.15942100       1.1657744     0.014502549
      0.16477026       1.1796521     0.014752917
      0.17014926       1.1926548     0.015094750
      0.17555525       1.2048586     0.015565695
      0.18098583       1.2163317     0.016020639
      0.12333690      0.98835228     0.013948926
      0.12822275       1.0132488     0.013887967
      0.13318222       1.0363046     0.013840172
      0.13820737       1.0576944     0.013814636
      0.14329131       1.0775751     0.013820713
      0.14842800       1.0960866     0.013867673
      0.15361213       1.1133542     0.013964239
      0.15883907       1.1294899     0.014118458
      0.16410473       1.1445938     0.014338011
      0.16940548       1.1587556     0.014629279
      0.17473815       1.1720556     0.014985277
      0.18009990       1.1845657     0.015318084
      0.12381377      0.94154846     0.014090904
      0.12855060      0.96811865     0.013934163
      0.13337171      0.99278431     0.013789595
      0.13826827       1.0157161     0.013670329
      0.14323255       1.0370689     0.013589792
      0.14825775       1.0569828     0.013561019
      0.15333787       1.0755842     0.013595070
      0.15846764       1.0929870     0.013699155
      0.16364239       1.1092938     0.013875102
      0.16885797       1.1245971     0.014117343
      0.17411073       1.1389803     0.014405854
      0.17939739       1.1525184     0.014685562
      0.12455944      0.89520435     0.014333002
      0.12913864      0.92330877     0.014070174
      0.13381282      0.94946926     0.013814679
      0.13857236      0.97384843     0.013583423
      0.14340877      0.99659602     0.013394113
      0.14831452       1.0178492     0.013264994
      0.15328296       1.0377331     0.013212465
      0.15830819       1.0563616     0.013247075
      0.16338496       1.0738382     0.013369661
      0.16850863       1.0902568     0.013569031
      0.17367503       1.1057025     0.013820137
      0.17888046       1.1202526     0.014080294
      0.12556912      0.84950855     0.014696412
      0.12998333      0.87899313     0.014314914
      0.13450306      0.90651878     0.013932878
      0.13911804      0.93223663     0.013570032
      0.14381909      0.95628825     0.013247342
      0.14859805      0.97880520     0.012988664
      0.15344764      0.99990904     0.012818900
      0.15836136       1.0197116     0.012757810
      0.16333343       1.0383155     0.012811830
      0.16835869       1.0558145     0.012968886
      0.17343250       1.0722945     0.013199296
      0.17855073       1.0878336     0.013460653
      0.12683652      0.80463368     0.015210900
      0.13107971      0.83533415     0.014694126
      0.13543864      0.86408418     0.014167987
      0.13990249      0.89102068     0.013653457
      0.14446154      0.91627438     0.013171697
      0.14910705      0.93996885     0.012749717
      0.15383119      0.96221986     0.012422177
      0.15862693      0.98313530     0.012225317
      0.16348798       1.0028152     0.012182197
      0.16840868       1.0213518     0.012287822
      0.17338395       1.0388304     0.012507298
      0.17840922       1.0553291     0.012788483
      0.12835399      0.76073308     0.015917061
      0.13242153      0.79247953     0.015240509
      0.13661451      0.82230583     0.014549037
      0.14092172      0.85033255     0.013863309
      0.14533302      0.87667756     0.013199428
      0.14983921      0.90145434     0.012580327
      0.15443199      0.92477103     0.012045347
      0.15910385      0.94672976     0.011651765
      0.16384803      0.96742638     0.011457190
      0.16865843      0.98695037     0.011483769
      0.17352955       1.0053850     0.011696047
      0.17845640       1.0228073     0.012019687
      0.13011279      0.71793859     0.016870439
      0.13400142      0.75055985     0.015993706
      0.13802452      0.78131062     0.015107455
      0.14217068      0.81029391     0.014231271
      0.14642945      0.83761316     0.013369710
      0.15079129      0.86337023     0.012529979
      0.15524751      0.88766401     0.011740093
      0.15979021      0.91058938     0.011067897
      0.16441223      0.93223663     0.010622647
      0.16910706      0.95269107     0.010500697
      0.17386881      0.97203287     0.010695791
      0.17869211      0.99033705     0.011094486
      0.13210329      0.67635939     0.018148595
      0.13581107      0.70968699     0.016999656
      0.13966159      0.74121033     0.015872102
      0.14364338      0.77101429     0.014783026
      0.14774583      0.79918703     0.013718093
      0.15195916      0.82581767     0.012656981
      0.15627440      0.85099465     0.011593509
      0.16068334      0.87480440     0.010567583
      0.16517849      0.89733044    0.0097163013
      0.16975298      0.91865275    0.0092789273
      0.17440059      0.93884742    0.0093993304
      0.17911561      0.95798634    0.0099231979
      0.13431517      0.63608180     0.019860263
      0.13784142      0.66995337     0.018305193
      0.14151784      0.70210040     0.016860190
      0.14533302      0.73258980     0.015527213
      0.14927633      0.76149408     0.014260224
      0.15333787      0.78888906     0.013003328
      0.15750851      0.81485191     0.011703175
      0.16177981      0.83945969     0.010327396
      0.16614400      0.86278822    0.0089308902
      0.17059396      0.88491123    0.0078339121
      0.17512315      0.90589974    0.0076395699
      0.17972557      0.92582172    0.0083607689
      0.13673769      0.59717004     0.022138218
      0.14008289      0.63143204     0.019929174
      0.14358476      0.66405960     0.018056018
      0.14723213      0.69510233     0.016441311
      0.15101444      0.72461735     0.014977182
      0.15492181      0.75266697     0.013565578
      0.15894503      0.77931671     0.012112731
      0.16307552      0.80463368     0.010518902
      0.16730534      0.82868530    0.0086821625
      0.17162713      0.85153830    0.0066166884
      0.17603413      0.87325792    0.0052273474
      0.18052009      0.89390742    0.0061598606
      0.13935988      0.55966752     0.024937815
      0.14252552      0.59417730     0.021741221
      0.14585341      0.62715011     0.019358896
      0.14933271      0.65861937     0.017451000
      0.15295308      0.68862746     0.015807907
      0.15670476      0.71722346     0.014286402
      0.16057853      0.74446116     0.012768873
      0.16456577      0.77039747     0.011134090
      0.16865843      0.79509099    0.0092250416
      0.17284904      0.81860092    0.0067964386
      0.17713063      0.84098618    0.0034453720
      0.18149677      0.86230468    0.0030142852
      0.12064559       1.0712492     0.013864530
      0.11573083       1.0973598     0.013742082
      0.11090192       1.1257651     0.013533596
      0.10617060       1.1567289     0.013227784
      0.10155049       1.1905451     0.012805499
     0.097057480       1.2275379     0.012238396
     0.092710055       1.2680599     0.011486613
     0.088529662       1.3124878     0.010494583
     0.084541084       1.3612119    0.0091841816
     0.080772740       1.4146195    0.0074476022
     0.077256866       1.4730680    0.0051685524
     0.074029439       1.5368476    0.0025297580
      0.12577009       1.0933528     0.013968455
      0.12092438       1.1192414     0.013926089
      0.11616645       1.1472709     0.013805654
      0.11150753       1.1776681     0.013597662
      0.10696057       1.2106825     0.013285522
      0.10254044       1.2465852     0.012845309
     0.098264280       1.2856668     0.012245776
     0.094151697       1.3282325     0.011448609
     0.090225065       1.3745934     0.010409756
     0.086509708       1.4250531    0.0090872271
     0.083033992       1.4798870    0.0074782377
     0.079829224       1.5393149    0.0057630962
      0.13095120       1.1137166     0.014074596
      0.12617105       1.1393122     0.014106014
      0.12148004       1.1669038     0.014071555
      0.11688889       1.1966871     0.013963448
      0.11240984       1.2288743     0.013766887
      0.10805682       1.2636934     0.013460178
      0.10384570       1.3013854     0.013016175
     0.099794439       1.3421997     0.012405466
     0.095923286       1.3863870     0.011601843
     0.092254922       1.4341882     0.010592596
     0.088814477       1.4858186    0.0094027169
     0.085629428       1.5414480    0.0081510265
      0.13618247       1.1325232     0.014184075
      0.13146448       1.1577736     0.014278116
      0.12683652       1.1848849     0.014322547
      0.12230879       1.2140262     0.014311702
      0.11789286       1.2453790     0.014232441
      0.11360176       1.2791357     0.014063680
      0.10945016       1.3154975     0.013777846
      0.10545456       1.3546698     0.013345621
      0.10163335       1.3968567     0.012744317
     0.098006931       1.4422515     0.011969106
     0.094597705       1.4910252     0.011047639
     0.091429973       1.5433104     0.010061050
      0.14145834       1.1499328     0.014299244
      0.13679924       1.1748005     0.014439816
      0.13223068       1.2014039     0.014550601
      0.12776234       1.2298896     0.014628998
      0.12340514       1.2604131     0.014664617
      0.11917125       1.2931377     0.014637299
      0.11507430       1.3282325     0.014516566
      0.11112941       1.3658680     0.014265648
      0.10735337       1.4062116     0.013852537
      0.10376461       1.4494205     0.013265743
      0.10038320       1.4956316     0.012527796
     0.097230797       1.5449506     0.011702002
      0.14677399       1.1660860     0.014424411
      0.14217068       1.1905451     0.014590656
      0.13765808       1.2166243     0.014749401
      0.13324541       1.2444508     0.014902302
      0.12894292       1.2741586     0.015043817
      0.12476203       1.3058871     0.015157746
      0.12071535       1.3397789     0.015212686
      0.11681685       1.3759769     0.015160783
      0.11308184       1.4146195     0.014947785
      0.10952705       1.4558354     0.014537921
      0.10617060       1.4997360     0.013939714
      0.10303185       1.5464061     0.013211124
      0.15212526       1.1811064     0.014566857
      0.14757479       1.2051400     0.014733563
      0.14311496       1.2306870     0.014916182
      0.13875449       1.2578584     0.015121316
      0.13450306       1.2867700     0.015350073
      0.13037134       1.3175412     0.015594986
      0.12637106       1.3502932     0.015831826
      0.12251511       1.3851463     0.016008055
      0.11881752       1.4222160     0.016039349
      0.11529356       1.4616088     0.015837703
      0.11195959       1.5034160     0.015371474
      0.10883310       1.5477064     0.014697049
      0.15750851       1.1951031     0.014738225
      0.15300811       1.2187011     0.014875970
      0.14859805       1.2437144     0.015053594
      0.14428661       1.2702400     0.015282071
      0.14008289       1.2983784     0.015568653
      0.13599690       1.3282325     0.015917577
      0.13203954       1.3599057     0.016322706
      0.12822275       1.3935000     0.016748208
      0.12455944       1.4291126     0.017096887
      0.12106354       1.4668321     0.017200539
      0.11774996       1.5067341     0.016914931
      0.11463452       1.5488751     0.016267631
      0.16292058       1.2081723     0.014956659
      0.15846764       1.2313300     0.015030196
      0.15410457       1.2558127     0.015170242
      0.14983921       1.2817055     0.015389524
      0.14568015       1.3090961     0.015697087
      0.14163676       1.3380733     0.016106127
      0.13771922       1.3687261     0.016632585
      0.13393858       1.4011413     0.017281467
      0.13030675       1.4354011     0.018002544
      0.12683652       1.4715800     0.018592643
      0.12354150       1.5097411     0.018668805
      0.12043608       1.5499313     0.018058442
      0.16835869       1.2203992     0.015250286
      0.16395076       1.2431159     0.015211836
      0.15963208       1.2670747     0.015278497
      0.15541010       1.2923504     0.015456641
      0.15129291       1.3190197     0.015748125
      0.14728929       1.3471597     0.016166516
      0.14340877       1.3768472     0.016740731
      0.13966159       1.4081567     0.017514866
      0.13605878       1.4411581     0.018533418
      0.13261211       1.4759145     0.019749357
      0.12933406       1.5124788     0.020663406
      0.12623776       1.5508903     0.020278873
      0.17382038       1.2318593     0.015658040
      0.16945517       1.2541376     0.015429857
      0.16517849       1.2775816     0.015387464
      0.16099738       1.3022575     0.015498911
      0.15691950       1.3282325     0.015744987
      0.15295308       1.3555738     0.016129651
      0.14910705       1.3843481     0.016679791
      0.14539093       1.4146195     0.017450125
      0.14181496       1.4464479     0.018535323
      0.13838999       1.4798870     0.020085574
      0.13512750       1.5149818     0.022220394
      0.13203954       1.5517651     0.023303649
      0.17930351       1.2426199     0.016057641
      0.17497887       1.2644646     0.015636754
      0.17074194       1.2874049     0.015486780
      0.16659940       1.3114992     0.015525179
      0.16255848       1.3368068     0.015711197
      0.15862693       1.3633865     0.016036354
      0.15481310       1.3912964     0.016516571
      0.15112589       1.4205920     0.017193478
      0.14757479       1.4513249     0.018144623
      0.14416987       1.4835411     0.019507790
      0.14092172       1.5172789     0.021531857
      0.13784142       1.5525662     0.024533199
      0.11810689       1.0349141     0.013832876
      0.11832053      0.98585437     0.013932689
      0.11881752      0.93708828     0.014118298
      0.11959435      0.88884200     0.014401692
      0.12064559      0.84132733     0.014802566
      0.12196416      0.79473657     0.015350046
      0.12354150      0.74923869     0.016085873
      0.12536783      0.70497687     0.017070366
      0.12743246      0.66206737     0.018393843
      0.12972401      0.62059962     0.020199175
      0.13223068      0.58063741     0.022729068
      0.13494047      0.54222082     0.026434832
      0.11308184       1.0600269     0.013671128
      0.11315626       1.0087265     0.013772617
      0.11352763      0.95762781     0.013953178
      0.11419305      0.90699344     0.014219077
      0.11514743      0.85707195     0.014583811
      0.11638365      0.80809085     0.015069217
      0.11789286      0.76025128     0.015707466
      0.11966472      0.71372438     0.016544462
      0.12168776      0.66864944     0.017645449
      0.12394968      0.62513375     0.019103166
      0.12643766      0.58325380     0.021043025
      0.12913864      0.54305756     0.023568153
      0.10813470       1.0874560     0.013423452
      0.10805682       1.0337716     0.013531704
      0.10829029      0.98016438     0.013712233
      0.10883310      0.92693989     0.013965458
      0.10968067      0.87439072     0.014298754
      0.11082599      0.82278735     0.014726862
      0.11225996      0.77237064     0.015272658
      0.11397167      0.72334659     0.015968175
      0.11594884      0.67588342     0.016855331
      0.11817814      0.63011087     0.017984136
      0.12064559      0.58612143     0.019399355
      0.12333690      0.54397302     0.021080420
      0.10327668       1.1174901     0.013080542
      0.10303185       1.0612783     0.013206703
      0.10311353       1.0049775     0.013398259
      0.10352093      0.94894296     0.013649588
      0.10425025      0.89352003     0.013962238
      0.10529478      0.83903171     0.014344752
      0.10664528      0.78576826     0.014812618
      0.10829029      0.73397951     0.015387952
      0.11021663      0.68387031     0.016097936
      0.11240984      0.63559893     0.016969914
      0.11485462      0.58927825     0.018018005
      0.11753528      0.54497886     0.019208857
     0.098520957       1.1504560     0.012624880
     0.098092789       1.0915799     0.012786888
     0.098006931       1.0323948     0.013007253
     0.098264280      0.97331302     0.013273714
     0.098862156      0.91474295     0.013582174
     0.099794439      0.85707195     0.013935879
      0.10105187      0.80065197     0.014344852
      0.10262251      0.74578840     0.014825159
      0.10449222      0.69273291     0.015396789
      0.10664528      0.64168050     0.016078373
      0.10906491      0.59277027     0.016876583
      0.11173379      0.54608915     0.017767272
     0.093883075       1.1867216     0.012028805
     0.093253282       1.1250601     0.012252671
     0.092982065       1.0628003     0.012527701
     0.093072559       1.0004195     0.012833510
     0.093523713      0.93840043     0.013160293
     0.094330353      0.87720935     0.013506712
     0.095483470      0.81727571     0.013878653
     0.096970705      0.75897584     0.014288665
     0.098776967      0.70262195     0.014754514
      0.10088512      0.64845681     0.015294466
      0.10327668      0.59665378     0.015917951
      0.10593246      0.54732105     0.016612704
     0.089381384       1.2266975     0.011251038
     0.088529662       1.1621585     0.011573245
     0.088052924       1.0966444     0.011939376
     0.087957266       1.0307033     0.012317646
     0.088243928      0.96490521     0.012692323
     0.088909212      0.89981259     0.013058414
     0.089944717      0.83595252     0.013418620
     0.091337852      0.77379268     0.013782905
     0.093072559      0.71372438     0.014168978
     0.095130154      0.65605337     0.014599726
     0.097490195      0.60099836     0.015093836
      0.10013130      0.54869569     0.015652104
     0.085037513       1.2708342     0.010230253
     0.083941494       1.2033744     0.010702737
     0.083236514       1.1344527     0.011211850
     0.082932545       1.0646912     0.011707447
     0.083033992      0.99475928     0.012167903
     0.083539377      0.92533614     0.012586804
     0.084441448      0.85707195     0.012965445
     0.085727684      0.79055289     0.013311241
     0.087381121      0.72627481     0.013640684
     0.089381384      0.66462767     0.013982477
     0.091705780      0.60589112     0.014370865
     0.094330353      0.55023941     0.014825156
     0.080876896       1.3196155    0.0088728165
     0.079512230       1.2492678    0.0095740937
     0.078553575       1.1768358     0.010303486
     0.078015899       1.1030121     0.010977910
     0.077907918       1.0285755     0.011571577
     0.078231413      0.95434432     0.012082221
     0.078981081      0.88112357     0.012514443
     0.080144964      0.80965407     0.012874663
     0.081705362      0.74057143     0.013174595
     0.083640088      0.67437990     0.013442490
     0.085923857      0.61144251     0.013731001
     0.088529662      0.55198542     0.014092492
     0.076929273       1.3735431    0.0070283490
     0.075269928       1.3004527    0.0080903765
     0.074029439       1.2244939    0.0091636761
     0.073229098       1.1464139     0.010102749
     0.072883404       1.0671036     0.010887232
     0.072998817      0.98754253     0.011531938
     0.073573167      0.90872896     0.012054525
     0.074595855      0.83160612     0.012466600
     0.076048795      0.75699862     0.012774732
     0.077907918      0.68556839     0.012993069
     0.080144964      0.61779469     0.013175714
     0.082729279      0.55397628     0.013429659
     0.073229098       1.4331090    0.0044377437
     0.071247991       1.3575808    0.0061206340
     0.069695040       1.2782149    0.0077492543
     0.068599329       1.1957779    0.0090696126
     0.067982971       1.1112598     0.010109089
     0.067859027       1.0258175     0.010927898
     0.068230182      0.94068546     0.011572398
     0.069088457      0.85707195     0.012069913
     0.070416043      0.77605976     0.012430214
     0.072187050      0.69853212     0.012650261
     0.074369807      0.62513375     0.012740603
     0.076929273      0.55626735     0.012830254
     0.069815724       1.4987524   0.00061168741
     0.067485831       1.4213068    0.0035777436
     0.065588004       1.3388581    0.0060981103
     0.064160597       1.2521259    0.0079194591
     0.063235473       1.1621585    0.0092626578
     0.062834822       1.0702875     0.010280186
     0.062968656      0.97802605     0.011063812
     0.063633602      0.88692602     0.011665617
     0.064813316      0.79842569     0.012109274
     0.066480399      0.71372438     0.012393296
     0.068599329      0.63370805     0.012488894
     0.071129737      0.55893204     0.012370133
      0.12313197     0.011782113     0.016281014
      0.12333690     0.058845276     0.016629054
      0.12381377      0.10564909     0.017022697
      0.12455944      0.15199320     0.017473262
      0.12556912      0.19768900     0.017998278
      0.12683652      0.24256387     0.018624000
      0.12835399      0.28646447     0.019389137
      0.13011279      0.32925896     0.020350836
      0.13210329      0.37083817     0.021594713
      0.13431517      0.41111575     0.023250313
      0.13673769      0.45002751     0.025493347
      0.13935988      0.48753003     0.028133795
      0.12815708    -0.011320110     0.016320403
      0.12822275     0.033948732     0.016636518
      0.12855060     0.079078902     0.016992472
      0.12913864      0.12388878     0.017395885
      0.12998333      0.16820442     0.017858785
      0.13107971      0.21186340     0.018399504
      0.13242153      0.25471802     0.019044870
      0.13400142      0.29663770     0.019832521
      0.13581107      0.33751056     0.020812227
      0.13784142      0.37724418     0.022040490
      0.14008289      0.41576552     0.023539932
      0.14252552      0.45302025     0.025097803
      0.13324541    -0.032668577     0.016355622
      0.13318222     0.010892970     0.016641221
      0.13337171     0.054413241     0.016961395
      0.13381282     0.097728290     0.017320506
      0.13450306      0.14067878     0.017725586
      0.13543864      0.18311337     0.018187869
      0.13661451      0.22489173     0.018724193
      0.13802452      0.26588693     0.019357545
      0.13966159      0.30598723     0.020115009
      0.14151784      0.34509715     0.021018647
      0.14358476      0.38313795     0.022056793
      0.14585341      0.42004744     0.023109411
      0.13838999    -0.052438271     0.016388538
      0.13820737    -0.010496892     0.016645752
      0.13826827     0.031481429     0.016933561
      0.13857236     0.073349118     0.017253710
      0.13911804      0.11496092     0.017609002
      0.13990249      0.15617687     0.018004684
      0.14092172      0.19686500     0.018449791
      0.14217068      0.23690364     0.018957571
      0.14364338      0.27618326     0.019543334
      0.14533302      0.31460775     0.020217070
      0.14723213      0.35209522     0.020966725
      0.14933271      0.38857818     0.021728191
      0.14358476    -0.070784208     0.016420497
      0.14329131    -0.030377509     0.016651159
      0.14323255     0.010128606     0.016910183
      0.14340877     0.050601528     0.017197476
      0.14381909     0.090909298     0.017512493
      0.14446154      0.13092317     0.017855494
      0.14533302      0.17051999     0.018229101
      0.14642945      0.20958439     0.018639547
      0.14774583      0.24801052     0.019095939
      0.14927633      0.28570347     0.019605336
      0.15101444      0.32258020     0.020162237
      0.15295308      0.35857009     0.020733657
      0.14882449    -0.087843731     0.016452772
      0.14842800    -0.048889001     0.016657678
      0.14825775   -0.0097852855     0.016890600
      0.14831452     0.029348364     0.017150463
      0.14859805     0.068392349     0.017434414
      0.14910705      0.10722870     0.017738774
      0.14983921      0.14574321     0.018060553
      0.15079129      0.18382732     0.018399619
      0.15195916      0.22137988     0.018760285
      0.15333787      0.25830849     0.019149387
      0.15492181      0.29453058     0.019568763
      0.15670476      0.32997409     0.020004531
      0.15410457     -0.10373860     0.016487025
      0.15361213    -0.066156624     0.016665470
      0.15333787    -0.028386648     0.016873370
      0.15328296    0.0094644759     0.017109448
      0.15344764     0.047288512     0.017369673
      0.15383119     0.084977687     0.017647850
      0.15443199      0.12242652     0.017936461
      0.15524751      0.15953355     0.018228774
      0.15627440      0.19620290     0.018522641
      0.15750851      0.23234564     0.018823230
      0.15894503      0.26788084     0.019138947
      0.16057853      0.30273639     0.019470283
      0.15942100     -0.11857688     0.016525785
      0.15883907    -0.082292343     0.016675277
      0.15846764    -0.045789421     0.016857334
      0.15830819   -0.0091640334     0.017070901
      0.15836136     0.027485946     0.017311643
      0.15862693     0.064062249     0.017572547
      0.15910385      0.10046779     0.017843790
      0.15979021      0.13660817     0.018113128
      0.16068334      0.17239315     0.018369203
      0.16177981      0.20773786     0.018609367
      0.16307552      0.24256387     0.018844725
      0.16456577      0.27680008     0.019089618
      0.16477026     -0.13245460     0.016572989
      0.16410473    -0.097396289     0.016688866
      0.16364239    -0.062096246     0.016842402
      0.16338496    -0.026640631     0.017032468
      0.16333343    0.0088820783     0.017254491
      0.16348798     0.044382395     0.017501848
      0.16384803     0.079771168     0.017765294
      0.16441223      0.11496092     0.018031332
      0.16517849      0.14986712     0.018281025
      0.16614400      0.18440933     0.018495087
      0.16730534      0.21851225     0.018672798
      0.16865843      0.25210656     0.018840969
      0.17014926     -0.14545725     0.016634691
      0.16940548     -0.11155808     0.016709086
      0.16885797    -0.077399583     0.016829784
      0.16850863    -0.043059209     0.016993844
      0.16835869   -0.0086169549     0.017195270
      0.16840868     0.025845748     0.017427739
      0.16865843     0.060247178     0.017684159
      0.16910706     0.094506481     0.017954804
      0.16975298      0.12854480     0.018223291
      0.17059396      0.16228632     0.018459123
      0.17162713      0.19565926     0.018621429
      0.17284904      0.22859663     0.018720077
      0.17555525     -0.15766106     0.016719576
      0.17473815     -0.12485803     0.016738857
      0.17411073    -0.091782748     0.016821357
      0.17367503    -0.058504924     0.016956609
      0.17343250    -0.025096915     0.017134614
      0.17338395    0.0083671999     0.017348114
      0.17352955     0.041812592     0.017591465
      0.17386881     0.075164683     0.017859406
      0.17440059      0.10835014     0.018145282
      0.17512315      0.14129781     0.018435218
      0.17603413      0.17393963     0.018678041
      0.17713063      0.20621137     0.018745035
      0.18098583     -0.16913413     0.016828241
      0.18009990     -0.13736818     0.016775606
      0.17939739     -0.10532086     0.016817593
      0.17888046    -0.073055002     0.016922974
      0.17855073    -0.040636088     0.017075596
      0.17840922   -0.0081315147     0.017266253
      0.17845640     0.024390244     0.017489244
      0.17869211     0.056860499     0.017740917
      0.17911561     0.089211211     0.018019262
      0.17972557      0.12137584     0.018324474
      0.18052009      0.15329013     0.018660921
      0.18149677      0.18489287     0.018976984
      0.11810689     0.012283430     0.016060868
      0.11308184    -0.012829302     0.015643861
      0.10813470    -0.040258488     0.015197976
      0.10327668    -0.070292567     0.014718442
     0.098520957     -0.10325841     0.014194972
     0.093883075     -0.13952408     0.013609730
     0.089381384     -0.17949992     0.012934490
     0.085037513     -0.22363662     0.012126245
     0.080876896     -0.27241795     0.011119777
     0.076929273     -0.32634551    0.0098148050
     0.073229098     -0.38591144    0.0080586897
     0.069815724     -0.45155489    0.0057194798
      0.11832053     0.061343181     0.016418710
      0.11315626     0.038471027     0.015990039
      0.10805682     0.013425944     0.015536314
      0.10303185    -0.014080783     0.015056762
     0.098092789    -0.044382395     0.014545843
     0.093253282    -0.077862575     0.013991786
     0.088529662     -0.11496092     0.013374835
     0.083941494     -0.15617687     0.012665258
     0.079512230     -0.20207021     0.011821503
     0.075269928     -0.25325514     0.010790956
     0.071247991     -0.31038327    0.0095267381
     0.067485831     -0.37410926    0.0080902014
      0.11881752      0.11010928     0.016822050
      0.11352763     0.089569739     0.016374802
      0.10829029     0.067033168     0.015905396
      0.10311353     0.042220038     0.015417661
     0.098006931     0.014802772     0.014911175
     0.092982065    -0.015602795     0.014380287
     0.088052924    -0.049446828     0.013813058
     0.083236514    -0.087255199     0.013190591
     0.078553575     -0.12963826     0.012487871
     0.074029439     -0.17729630     0.011678846
     0.069695040     -0.23101738     0.010753559
     0.065588004     -0.29166058    0.0097681235
      0.11959435      0.15835555     0.017282906
      0.11419305      0.14020411     0.016807099
      0.10883310      0.12025766     0.016310387
      0.10352093     0.098254589     0.015801725
     0.098264280     0.073884528     0.015285931
     0.093072559     0.046778034     0.014763252
     0.087957266     0.016494226     0.014228646
     0.082932545    -0.017493678     0.013671285
     0.078015899    -0.055814575     0.013075659
     0.073229098    -0.099216305     0.012426467
     0.068599329     -0.14858030     0.011720604
     0.064160597     -0.20492838     0.010990805
      0.12064559      0.20587022     0.017819941
      0.11514743      0.19012560     0.017301832
      0.10968067      0.17280683     0.016762182
      0.10425025      0.15367752     0.016215660
     0.098862156      0.13245460     0.015672151
     0.093523713      0.10879712     0.015137349
     0.088243928     0.082292343     0.014612553
     0.083033992     0.052438271     0.014093766
     0.077907918     0.018622049     0.013571508
     0.072883404    -0.019906000     0.013033826
     0.067982971    -0.064062249     0.012474673
     0.063235473     -0.11496092     0.011907611
      0.12196416      0.25246098     0.018460839
      0.11638365      0.23910670     0.017881208
      0.11082599      0.22441020     0.017277986
      0.10529478      0.20816584     0.016672519
     0.099794439      0.19012560     0.016079087
     0.094330353      0.16998820     0.015507617
     0.088909212      0.14738496     0.014964985
     0.083539377      0.12186141     0.014454198
     0.078231413     0.092853236     0.013972081
     0.072998817     0.059655024     0.013508582
     0.067859027     0.021380085     0.013051896
     0.062834822    -0.023089906     0.012599627
      0.12354150      0.29795886     0.019246070
      0.11789286      0.28694627     0.018576533
      0.11225996      0.27482691     0.017881545
      0.10664528      0.26142929     0.017191195
      0.10105187      0.24654558     0.016522806
     0.095483470      0.22992184     0.015887739
     0.089944717      0.21124503     0.015295920
     0.084441448      0.19012560     0.014757074
     0.078981081      0.16607398     0.014277531
     0.073573167      0.13846859     0.013853670
     0.068230182      0.10651209     0.013469634
     0.062968656     0.069171499     0.013107240
      0.12536783      0.34222068     0.020235398
      0.11966472      0.33347317     0.019430754
      0.11397167      0.32385096     0.018602727
      0.10829029      0.31321804     0.017794504
      0.10262251      0.30140915     0.017024057
     0.096970705      0.28822171     0.016299225
     0.091337852      0.27340487     0.015627153
     0.085727684      0.25664466     0.015019837
     0.080144964      0.23754348     0.014494925
     0.074595855      0.21559143     0.014066562
     0.069088457      0.19012560     0.013726870
     0.063633602      0.16027153     0.013442384
      0.12743246      0.38513018     0.021519898
      0.12168776      0.37854811     0.020501641
      0.11594884      0.37131413     0.019475439
      0.11021663      0.36332724     0.018504913
      0.10449222      0.35446464     0.017603120
     0.098776967      0.34457561     0.016766670
     0.093072559      0.33347317     0.015991234
     0.087381121      0.32092274     0.015280303
     0.081705362      0.30662612     0.014653420
     0.076048795      0.29019893     0.014150288
     0.070416043      0.27113779     0.013805515
     0.064813316      0.24877186     0.013590586
      0.12972401      0.42659793     0.023244794
      0.12394968      0.42206380     0.021861965
      0.11817814      0.41708668     0.020529823
      0.11240984      0.41159862     0.019335993
      0.10664528      0.40551705     0.018271114
      0.10088512      0.39874075     0.017307706
     0.095130154      0.39114418     0.016420782
     0.089381384      0.38256988     0.015593889
     0.083640088      0.37281765     0.014826433
     0.077907918      0.36162916     0.014154594
     0.072187050      0.34866543     0.013684366
     0.066480399      0.33347317     0.013503523
      0.13223068      0.46656014     0.025648724
      0.12643766      0.46394375     0.023571861
      0.12064559      0.46107613     0.021764221
      0.11485462      0.45791930     0.020274588
      0.10906491      0.45442728     0.019017879
      0.10327668      0.45054377     0.017920701
     0.097490195      0.44619919     0.016929542
     0.091705780      0.44130643     0.016004759
     0.085923857      0.43575504     0.015116099
     0.080144964      0.42940287     0.014247147
     0.074369807      0.42206380     0.013450086
     0.068599329      0.41348950     0.013081944
      0.13494047      0.50497673     0.028936298
      0.12913864      0.50413999     0.025471789
      0.12333690      0.50322453     0.023056451
      0.11753528      0.50221869     0.021245061
      0.11173379      0.50110840     0.019796433
      0.10593246      0.49987650     0.018575649
      0.10013130      0.49850186     0.017499644
     0.094330353      0.49695814     0.016511180
     0.088529662      0.49521213     0.015564095
     0.082729279      0.49322127     0.014611670
     0.076929273      0.49093020     0.013592214
     0.071129737      0.48826551     0.012428915
      0.12064559    -0.024051622     0.015935159
      0.12577009    -0.046155219     0.016006289
      0.13095120    -0.066519054     0.016071051
      0.13618247    -0.085325698     0.016131202
      0.14145834     -0.10273529     0.016188613
      0.14677399     -0.11888845     0.016245446
      0.15212526     -0.13390888     0.016304362
      0.15750851     -0.14790557     0.016368858
      0.16292058     -0.16097476     0.016443846
      0.16835869     -0.17320164     0.016536733
      0.17382038     -0.18466178     0.016659251
      0.17930351     -0.19542235     0.016823682
      0.11573083    -0.050162255     0.015540551
      0.12092438    -0.072043881     0.015647073
      0.12617105    -0.092114622     0.015744556
      0.13146448     -0.11057601     0.015834103
      0.13679924     -0.12760295     0.015917623
      0.14217068     -0.14334757     0.015997696
      0.14757479     -0.15794247     0.016077441
      0.15300811     -0.17150355     0.016160431
      0.15846764     -0.18413242     0.016250725
      0.16395076     -0.19591835     0.016352852
      0.16945517     -0.20694005     0.016470466
      0.17497887     -0.21726707     0.016596211
      0.11090192    -0.078567520     0.015115586
      0.11616645     -0.10007333     0.015259610
      0.12148004     -0.11970623     0.015392525
      0.12683652     -0.13768733     0.015513843
      0.13223068     -0.15420639     0.015624855
      0.13765808     -0.16942676     0.015728235
      0.14311496     -0.18348949     0.015827532
      0.14859805     -0.19651685     0.015926606
      0.15410457     -0.20861514     0.016029078
      0.15963208     -0.21987715     0.016137629
      0.16517849     -0.23038409     0.016252332
      0.17074194     -0.24020735     0.016365520
      0.10617060     -0.10953135     0.014654695
      0.11150753     -0.13047058     0.014840318
      0.11688889     -0.14948952     0.015013380
      0.12230879     -0.16682869     0.015170710
      0.12776234     -0.18269205     0.015312231
      0.13324541     -0.19725326     0.015440320
      0.13875449     -0.21066087     0.015558988
      0.14428661     -0.22304243     0.015672881
      0.14983921     -0.23450800     0.015786156
      0.15541010     -0.24515288     0.015901324
      0.16099738     -0.25505998     0.016017903
      0.16659940     -0.26430167     0.016130269
      0.10155049     -0.14334757     0.014147042
      0.10696057     -0.16348497     0.014381697
      0.11240984     -0.18167678     0.014602899
      0.11789286     -0.19818148     0.014803516
      0.12340514     -0.21321551     0.014981251
      0.12894292     -0.22696108     0.015137663
      0.13450306     -0.23957243     0.015277124
      0.14008289     -0.25118083     0.015405554
      0.14568015     -0.26189855     0.015528791
      0.15129291     -0.27182213     0.015650786
      0.15691950     -0.28103490     0.015772127
      0.16255848     -0.28960920     0.015889123
     0.097057480     -0.18034032     0.013574427
      0.10254044     -0.19938764     0.013870660
      0.10805682     -0.21649590     0.014152824
      0.11360176     -0.23193820     0.014408302
      0.11917125     -0.24594018     0.014631782
      0.12476203     -0.25868958     0.014823448
      0.13037134     -0.27034364     0.014987643
      0.13599690     -0.28103490     0.015131691
      0.14163676     -0.29087578     0.015264137
      0.14728929     -0.29996216     0.015392123
      0.15295308     -0.30837626     0.015518865
      0.15862693     -0.31618896     0.015642665
     0.092710055     -0.22086238     0.012908378
     0.098264280     -0.23846921     0.013286634
      0.10384570     -0.25418785     0.013649575
      0.10945016     -0.26829992     0.013977161
      0.11507430     -0.28103490     0.014260717
      0.12071535     -0.29258139     0.014498953
      0.12637106     -0.30309566     0.014695707
      0.13203954     -0.31270816     0.014859078
      0.13771922     -0.32152856     0.015000571
      0.14340877     -0.32964968     0.015132371
      0.14910705     -0.33715055     0.015262755
      0.15481310     -0.34409885     0.015393072
     0.088529662     -0.26529029     0.012105604
     0.094151697     -0.28103490     0.012599362
     0.099794439     -0.29500214     0.013073486
      0.10545456     -0.30747226     0.013497778
      0.11112941     -0.31867040     0.013861043
      0.11681685     -0.32877930     0.014161876
      0.12251511     -0.33794873     0.014404001
      0.12822275     -0.34630247     0.014595171
      0.13393858     -0.35394373     0.014748190
      0.13966159     -0.36095912     0.014880864
      0.14539093     -0.36742190     0.015010296
      0.15112589     -0.37339442     0.015144160
     0.084541084     -0.31401438     0.011100133
     0.090225065     -0.32739588     0.011766518
     0.095923286     -0.33918945     0.012399396
      0.10163335     -0.34965915     0.012954739
      0.10735337     -0.35901409     0.013422514
      0.11308184     -0.36742190     0.013805453
      0.11881752     -0.37501847     0.014109986
      0.12455944     -0.38191504     0.014343754
      0.13030675     -0.38820352     0.014517509
      0.13605878     -0.39396051     0.014650469
      0.14181496     -0.39925032     0.014771266
      0.14757479     -0.40412734     0.014901897
     0.080772740     -0.36742190    0.0097890126
     0.086509708     -0.37785557     0.010733059
     0.092254922     -0.38699060     0.011601056
     0.098006931     -0.39505398     0.012334318
      0.10376461     -0.40222294     0.012935486
      0.10952705     -0.40863786     0.013420549
      0.11529356     -0.41441129     0.013804781
      0.12106354     -0.41963456     0.014099523
      0.12683652     -0.42438247     0.014313016
      0.13261211     -0.42871690     0.014456679
      0.13838999     -0.43268948     0.014561204
      0.14416987     -0.43634358     0.014675613
     0.077256866     -0.42587049    0.0080086307
     0.083033992     -0.43268948    0.0094445532
     0.088814477     -0.43862109     0.010667211
     0.094597705     -0.44382761     0.011635953
      0.10038320     -0.44843409     0.012399094
      0.10617060     -0.45253846     0.013002232
      0.11195959     -0.45621843     0.013477908
      0.11774996     -0.45953653     0.013847146
      0.12354150     -0.46254355     0.014121501
      0.12933406     -0.46528124     0.014304898
      0.13512750     -0.46778420     0.014404309
      0.14092172     -0.47008135     0.014480883
     0.074029439     -0.48965004    0.0055622515
     0.079829224     -0.49211735    0.0079449660
     0.085629428     -0.49425041    0.0096523618
     0.091429973     -0.49611283     0.010895978
     0.097230797     -0.49775303     0.011833915
      0.10303185     -0.49920853     0.012559126
      0.10883310     -0.50050887     0.013127424
      0.11463452     -0.50167759     0.013572849
      0.12043608     -0.50273372     0.013915176
      0.12623776     -0.50369278     0.014162651
      0.13203954     -0.50456755     0.014310626
      0.13784142     -0.50536868     0.014348550
      0.12064559      -1.0231459     0.011549049
      0.11573083     -0.99703530     0.011643309
      0.11090192     -0.96863003     0.011669406
      0.10617060     -0.93766620     0.011621641
      0.10155049     -0.90384998     0.011489566
     0.097057480     -0.86685723     0.011257292
     0.092710055     -0.82633517     0.010901858
     0.088529662     -0.78190727     0.010389938
     0.084541084     -0.73318317    0.0096715032
     0.080772740     -0.67977565    0.0086677841
     0.077256866     -0.62132707    0.0072496005
     0.074029439     -0.55754751    0.0052300421
      0.12577009      -1.0010423     0.011195463
      0.12092438     -0.97515367     0.011339126
      0.11616645     -0.94712422     0.011417367
      0.11150753     -0.91672697     0.011426575
      0.10696057     -0.88371258     0.011359420
      0.10254044     -0.84780991     0.011204421
     0.098264280     -0.80872834     0.010945038
     0.094151697     -0.76616265     0.010558151
     0.090225065     -0.71980168     0.010011935
     0.086509708     -0.66934198    0.0092643099
     0.083033992     -0.61450807    0.0082702177
     0.079829224     -0.55508020    0.0070476323
      0.13095120     -0.98067850     0.010857231
      0.12617105     -0.95508293     0.011048025
      0.12148004     -0.92749132     0.011178046
      0.11688889     -0.89770804     0.011244621
      0.11240984     -0.86552078     0.011242447
      0.10805682     -0.83070165     0.011163357
      0.10384570     -0.79300970     0.010995948
     0.099794439     -0.75219541     0.010725276
     0.095923286     -0.70800810     0.010333164
     0.092254922     -0.66020695    0.0098008738
     0.088814477     -0.60857646    0.0091201318
     0.085629428     -0.55294714    0.0083307842
      0.13618247     -0.96187185     0.010532829
      0.13146448     -0.93662154     0.010766336
      0.12683652     -0.90951022     0.010945972
      0.12230879     -0.88036886     0.011068815
      0.11789286     -0.84901607     0.011130388
      0.11360176     -0.81525936     0.011124426
      0.10945016     -0.77889763     0.011042651
      0.10545456     -0.73972529     0.010874999
      0.10163335     -0.69753840     0.010610832
     0.098006931     -0.65214357     0.010242247
     0.094597705     -0.60336994    0.0097720049
     0.091429973     -0.55108472    0.0092312095
      0.14145834     -0.94446226     0.010219176
      0.13679924     -0.91959460     0.010489695
      0.13223068     -0.89299116     0.010715737
      0.12776234     -0.86450551     0.010893013
      0.12340514     -0.83398204     0.011016864
      0.11917125     -0.80125737     0.011081733
      0.11507430     -0.76616265     0.011080662
      0.11112941     -0.72852715     0.011005443
      0.10735337     -0.68818346     0.010848115
      0.10376461     -0.64497461     0.010604293
      0.10038320     -0.59876346     0.010278745
     0.097230797     -0.54944452    0.0098938329
      0.14677399     -0.92830910    0.0099103524
      0.14217068     -0.90384998     0.010212005
      0.13765808     -0.87777079     0.010480983
      0.13324541     -0.84994429     0.010710589
      0.12894292     -0.82023647     0.010895342
      0.12476203     -0.78850797     0.011029847
      0.12071535     -0.75461616     0.011107474
      0.11681685     -0.71841825     0.011119704
      0.11308184     -0.67977565     0.011057340
      0.10952705     -0.63855970     0.010914427
      0.10617060     -0.59465910     0.010693929
      0.10303185     -0.54798902     0.010412844
      0.15212526     -0.91328867    0.0095961744
      0.14757479     -0.88925508    0.0099245472
      0.14311496     -0.86370806     0.010233897
      0.13875449     -0.83653668     0.010513924
      0.13450306     -0.80762512     0.010758047
      0.13037134     -0.77685391     0.010961366
      0.12637106     -0.74410189     0.011118051
      0.12251511     -0.70924883     0.011218852
      0.11881752     -0.67217908     0.011250460
      0.11529356     -0.63278626     0.011199746
      0.11195959     -0.59097912     0.011063101
      0.10883310     -0.54668868     0.010853935
      0.15750851     -0.89929199    0.0092602766
      0.15300811     -0.87569400    0.0096150594
      0.14859805     -0.85068070    0.0099651973
      0.14428661     -0.82415512     0.010294888
      0.14008289     -0.79601672     0.010596399
      0.13599690     -0.76616265     0.010866395
      0.13203954     -0.73448939     0.011101953
      0.12822275     -0.70089508     0.011295823
      0.12455944     -0.66528251     0.011431286
      0.12106354     -0.62756299     0.011481989
      0.11774996     -0.58766102     0.011426393
      0.11463452     -0.54551996     0.011270049
      0.16292058     -0.88622279    0.0088769310
      0.15846764     -0.86306513    0.0092665631
      0.15410457     -0.83858241    0.0096646131
      0.14983921     -0.81268955     0.010046323
      0.14568015     -0.78529900     0.010403181
      0.14163676     -0.75632177     0.010734919
      0.13771922     -0.72566899     0.011044217
      0.13393858     -0.69325382     0.011331329
      0.13030675     -0.65899403     0.011584780
      0.12683652     -0.62281508     0.011767594
      0.12354150     -0.58465400     0.011819850
      0.12043608     -0.54446383     0.011712946
      0.16835869     -0.87399591    0.0084048336
      0.16395076     -0.85127920    0.0088564088
      0.15963208     -0.82732041    0.0093226180
      0.15541010     -0.80204467    0.0097645432
      0.15129291     -0.77537543     0.010175812
      0.14728929     -0.74723539     0.010561676
      0.14340877     -0.71754787     0.010932114
      0.13966159     -0.68623843     0.011298641
      0.13605878     -0.65323704     0.011667921
      0.13261211     -0.61848065     0.012020314
      0.12933406     -0.58191631     0.012261449
      0.12623776     -0.54350478     0.012244295
      0.17382038     -0.86253578    0.0077739654
      0.16945517     -0.84025751    0.0083608536
      0.16517849     -0.81681346    0.0089373365
      0.16099738     -0.79213757    0.0094541138
      0.15691950     -0.76616265    0.0099199300
      0.15295308     -0.73882129     0.010350863
      0.14910705     -0.71004701     0.010764741
      0.14539093     -0.67977565     0.011182321
      0.14181496     -0.64794723     0.011628899
      0.13838999     -0.61450807     0.012130024
      0.13512750     -0.57941335     0.012664351
      0.13203954     -0.54263000     0.012939378
      0.17930351     -0.85177521    0.0068717520
      0.17497887     -0.82993048    0.0078059386
      0.17074194     -0.80699020    0.0085396642
      0.16659940     -0.78289588    0.0091380424
      0.16255848     -0.75758835    0.0096532915
      0.15862693     -0.73100859     0.010117931
      0.15481310     -0.70309870     0.010556894
      0.15112589     -0.67380313     0.010994797
      0.14757479     -0.64307021     0.011462125
      0.14416987     -0.61085397     0.012003498
      0.14092172     -0.57711621     0.012691397
      0.13784142     -0.54182887     0.013614118
      0.11810689      -1.0594810     0.011871739
      0.11832053      -1.1085407     0.012189763
      0.11881752      -1.1573068     0.012564281
      0.11959435      -1.2055531     0.013006391
      0.12064559      -1.2530678     0.013534399
      0.12196416      -1.2996585     0.014176473
      0.12354150      -1.3451564     0.014974821
      0.12536783      -1.3894182     0.015992784
      0.12743246      -1.4323277     0.017327749
      0.12972401      -1.4737955     0.019135791
      0.13223068      -1.5137577     0.021675140
      0.13494047      -1.5521743     0.025173729
      0.11308184      -1.0343682     0.011950312
      0.11315626      -1.0856686     0.012283968
      0.11352763      -1.1367673     0.012666388
      0.11419305      -1.1874017     0.013101745
      0.11514743      -1.2373232     0.013599672
      0.11638365      -1.2863043     0.014177564
      0.11789286      -1.3341438     0.014863658
      0.11966472      -1.3806707     0.015700806
      0.12168776      -1.4257457     0.016750383
      0.12394968      -1.4692613     0.018092483
      0.12643766      -1.5111413     0.019796831
      0.12913864      -1.5513375     0.021703667
      0.10813470      -1.0069391     0.011961977
      0.10805682      -1.0606235     0.012316936
      0.10829029      -1.1142307     0.012715648
      0.10883310      -1.1674552     0.013155925
      0.10968067      -1.2200044     0.013639039
      0.11082599      -1.2716078     0.014171632
      0.11225996      -1.3220245     0.014768244
      0.11397167      -1.3710485     0.015453523
      0.11594884      -1.4185117     0.016262052
      0.11817814      -1.4642842     0.017230845
      0.12064559      -1.5082737     0.018369811
      0.12333690      -1.5504221     0.019569214
      0.10327668     -0.97690498     0.011900634
      0.10303185      -1.0331168     0.012284967
      0.10311353      -1.0894176     0.012711340
      0.10352093      -1.1454521     0.013172206
      0.10425025      -1.2008751     0.013661468
      0.10529478      -1.2553634     0.014175801
      0.10664528      -1.3086268     0.014717120
      0.10829029      -1.3604156     0.015295238
      0.11021663      -1.4105248     0.015928132
      0.11240984      -1.4587962     0.016635593
      0.11485462      -1.5051169     0.017420162
      0.11753528      -1.5494162     0.018227517
     0.098520957     -0.94393914     0.011754853
     0.098092789      -1.0028152     0.012178369
     0.098006931      -1.0620003     0.012645473
     0.098264280      -1.1210821     0.013144643
     0.098862156      -1.1796521     0.013664181
     0.099794439      -1.2373232     0.014192219
      0.10105187      -1.2937431     0.014718726
      0.10262251      -1.3486067     0.015239479
      0.10449222      -1.4016622     0.015759598
      0.10664528      -1.4527146     0.016291698
      0.10906491      -1.5016248     0.016844137
      0.11173379      -1.5483060     0.017399230
     0.093883075     -0.90767348     0.011507540
     0.093253282     -0.96933498     0.011982006
     0.092982065      -1.0315948     0.012503927
     0.093072559      -1.0939756     0.013059314
     0.093523713      -1.1559947     0.013633659
     0.094330353      -1.2171858     0.014209487
     0.095483470      -1.2771194     0.014766162
     0.096970705      -1.3354193     0.015283935
     0.098776967      -1.3917732     0.015752067
      0.10088512      -1.4459383     0.016175176
      0.10327668      -1.4977413     0.016568723
      0.10593246      -1.5470741     0.016941859
     0.089381384     -0.86769763     0.011134755
     0.088529662     -0.93223663     0.011675685
     0.088052924     -0.99775072     0.012268124
     0.087957266      -1.0636918     0.012896560
     0.088243928      -1.1294899     0.013547368
     0.088909212      -1.1945825     0.014202873
     0.089944717      -1.2584426     0.014836599
     0.091337852      -1.3206024     0.015413052
     0.093072559      -1.3806707     0.015897338
     0.095130154      -1.4383417     0.016274171
     0.097490195      -1.4933967     0.016559553
      0.10013130      -1.5456994     0.016786998
     0.085037513     -0.82356093     0.010602911
     0.083941494     -0.89102068     0.011234081
     0.083236514     -0.95994235     0.011917251
     0.082932545      -1.0297039     0.012634814
     0.083033992      -1.0996358     0.013377882
     0.083539377      -1.1690590     0.014136071
     0.084441448      -1.2373232     0.014887552
     0.085727684      -1.3038422     0.015589549
     0.087381121      -1.3681203     0.016177285
     0.089381384      -1.4297674     0.016589434
     0.091705780      -1.4885040     0.016816905
     0.094330353      -1.5441557     0.016915733
     0.080876896     -0.77477960    0.0098631445
     0.079512230     -0.84512734     0.010626143
     0.078553575     -0.91755929     0.011431126
     0.078015899     -0.99138298     0.012256079
     0.077907918      -1.0658196     0.013100652
     0.078231413      -1.1400508     0.013969124
     0.078981081      -1.2132715     0.014857877
     0.080144964      -1.2847410     0.015739114
     0.081705362      -1.3538237     0.016536798
     0.083640088      -1.4200152     0.017118192
     0.085923857      -1.4829526     0.017374556
     0.088529662      -1.5424097     0.017354057
     0.076929273     -0.72085204    0.0088412305
     0.075269928     -0.79394241    0.0098157905
     0.074029439     -0.86990125     0.010795020
     0.073229098     -0.94798125     0.011752692
     0.072883404      -1.0272916     0.012704137
     0.072998817      -1.1068526     0.013674211
     0.073573167      -1.1856661     0.014685983
     0.074595855      -1.2627890     0.015749854
     0.076048795      -1.3373965     0.016833974
     0.077907918      -1.4088267     0.017788295
     0.080144964      -1.4766004     0.018290783
     0.082729279      -1.5404188     0.018185822
     0.073229098     -0.66128611    0.0074249408
     0.071247991     -0.73681429    0.0087746651
     0.069695040     -0.81618017     0.010012531
     0.068599329     -0.89861725     0.011136498
     0.067982971     -0.98313530     0.012198787
     0.067859027      -1.0685776     0.013251856
     0.068230182      -1.1537096     0.014344617
     0.069088457      -1.2373232     0.015525544
     0.070416043      -1.3183353     0.016839610
     0.072187050      -1.3958630     0.018281837
     0.074369807      -1.4692613     0.019527423
     0.076929273      -1.5381277     0.019594070
     0.069815724     -0.59564266    0.0055213524
     0.067485831     -0.67308829    0.0075596394
     0.065588004     -0.75553697    0.0091433802
     0.064160597     -0.84226918     0.010454616
     0.063235473     -0.93223663     0.011623079
     0.062834822      -1.0241076     0.012736010
     0.062968656      -1.1163691     0.013861705
     0.063633602      -1.2074691     0.015066294
     0.064813316      -1.2959694     0.016429977
     0.066480399      -1.3806707     0.018068983
     0.068599329      -1.4606871     0.020150947
     0.071129737      -1.5354631     0.021943881
      0.12313197      -1.0589797     0.011595562
      0.12815708      -1.0358774     0.011184532
      0.13324541      -1.0145290     0.010793256
      0.13838999     -0.99475928     0.010423478
      0.14358476     -0.97641334     0.010075137
      0.14882449     -0.95935382    0.0097448470
      0.15410457     -0.94345895    0.0094242433
      0.15942100     -0.92862067    0.0090982177
      0.16477026     -0.91474295    0.0087428820
      0.17014926     -0.90174030    0.0083234990
      0.17555525     -0.88953649    0.0078001069
      0.18098583     -0.87806342    0.0072490811
      0.12333690      -1.1060428     0.011871782
      0.12822275      -1.0811463     0.011389216
      0.13318222      -1.0580905     0.010927994
      0.13820737      -1.0367007     0.010494506
      0.14329131      -1.0168200     0.010093994
      0.14842800     -0.99830855    0.0097288986
      0.15361213     -0.98104093    0.0093969574
      0.15883907     -0.96490521    0.0090896007
      0.16410473     -0.94980126    0.0087914962
      0.16940548     -0.93563947    0.0084829168
      0.17473815     -0.92233952    0.0081512323
      0.18009990     -0.90982937    0.0078358562
      0.12381377      -1.1528466     0.012207537
      0.12855060      -1.1262765     0.011646565
      0.13337171      -1.1016108     0.011103960
      0.13826827      -1.0786790     0.010591210
      0.14323255      -1.0573262     0.010119576
      0.14825775      -1.0374123    0.0096985479
      0.15333787      -1.0188109    0.0093333979
      0.15846764      -1.0014081    0.0090226188
      0.16364239     -0.98510130    0.0087568445
      0.16885797     -0.96979797    0.0085212019
      0.17411073     -0.95541480    0.0083034891
      0.17939739     -0.94187669    0.0081118174
      0.12455944      -1.1991907     0.012617425
      0.12913864      -1.1710863     0.011970676
      0.13381282      -1.1449258     0.011334053
      0.13857236      -1.1205467     0.010724077
      0.14340877      -1.0977991     0.010158044
      0.14831452      -1.0765459    0.0096533795
      0.15328296      -1.0566620    0.0092249753
      0.15830819      -1.0380335    0.0088807802
      0.16338496      -1.0205569    0.0086179336
      0.16850863      -1.0041383    0.0084228329
      0.17367503     -0.98869263    0.0082772029
      0.17888046     -0.97414255    0.0081692785
      0.12556912      -1.2448866     0.013123380
      0.12998333      -1.2154020     0.012382447
      0.13450306      -1.1878763     0.011638399
      0.13911804      -1.1621585     0.010912123
      0.14381909      -1.1381068     0.010225553
      0.14859805      -1.1155899    0.0096034795
      0.15344764      -1.0944861    0.0090723546
      0.15836136      -1.0746835    0.0086544492
      0.16333343      -1.0560796    0.0083588922
      0.16835869      -1.0385806    0.0081757690
      0.17343250      -1.0221006    0.0080796238
      0.17855073      -1.0065615    0.0080416287
      0.12683652      -1.2897614     0.013756578
      0.13107971      -1.2590610     0.012909992
      0.13543864      -1.2303109     0.012043947
      0.13990249      -1.2033744     0.011182833
      0.14446154      -1.1781207     0.010349901
      0.14910705      -1.1544263    0.0095734110
      0.15383119      -1.1321752    0.0088902853
      0.15862693      -1.1112598    0.0083426262
      0.16348798      -1.0915799    0.0079634726
      0.16840868      -1.0730433    0.0077577131
      0.17338395      -1.0555648    0.0076955775
      0.17840922      -1.0390660    0.0077279297
      0.12835399      -1.3336620     0.014560667
      0.13242153      -1.3019156     0.013588973
      0.13661451      -1.2720893     0.012582610
      0.14092172      -1.2440625     0.011569530
      0.14533302      -1.2177175     0.010569432
      0.14983921      -1.1929408    0.0096056652
      0.15443199      -1.1696241    0.0087168709
      0.15910385      -1.1476653    0.0079640037
      0.16384803      -1.1269687    0.0074202482
      0.16865843      -1.1074447    0.0071333032
      0.17352955      -1.0890101    0.0070850586
      0.17845640      -1.0715878    0.0071990722
      0.13011279      -1.3764565     0.015597688
      0.13400142      -1.3438352     0.014463225
      0.13802452      -1.3130845     0.013287840
      0.14217068      -1.2841012     0.012105213
      0.14642945      -1.2567819     0.010926167
      0.15079129      -1.2310249    0.0097579318
      0.15524751      -1.2067311    0.0086226964
      0.15979021      -1.1838057    0.0075802031
      0.16441223      -1.1621585    0.0067457762
      0.16910706      -1.1417040    0.0062599434
      0.17386881      -1.1223622    0.0061765475
      0.17869211      -1.1040581    0.0063929361
      0.13210329      -1.4180357     0.016958775
      0.13581107      -1.3847081     0.015585041
      0.13966159      -1.3531848     0.014189166
      0.14364338      -1.3233808     0.012813190
      0.14774583      -1.2952081     0.011452148
      0.15195916      -1.2685774     0.010087028
      0.15627440      -1.2434005    0.0087042660
      0.16068334      -1.2195907    0.0073221849
      0.16517849      -1.1970647    0.0060447561
      0.16975298      -1.1757423    0.0051259309
      0.17440059      -1.1555477    0.0048573235
      0.17911561      -1.1364088    0.0051970937
      0.13431517      -1.4583133     0.018780687
      0.13784142      -1.4244417     0.017008574
      0.14151784      -1.3922947     0.015300723
      0.14533302      -1.3618053     0.013694985
      0.14927633      -1.3329010     0.012153072
      0.15333787      -1.3055060     0.010621078
      0.15750851      -1.2795432    0.0090429938
      0.16177981      -1.2549354    0.0073696460
      0.16614400      -1.2316069    0.0055962038
      0.17059396      -1.2094839    0.0039116100
      0.17512315      -1.1884954    0.0029929231
      0.17972557      -1.1685734    0.0034079859
      0.13673769      -1.4972251     0.021244188
      0.14008289      -1.4629631     0.018742562
      0.14358476      -1.4303355     0.016589156
      0.14723213      -1.3992928     0.014712702
      0.15101444      -1.3697778     0.012995463
      0.15492181      -1.3417281     0.011337571
      0.15894503      -1.3150784    0.0096479328
      0.16307552      -1.2897614    0.0078290231
      0.16730534      -1.2657098    0.0057638076
      0.17162713      -1.2428568    0.0033367898
      0.17603413      -1.2211372   0.00081686759
      0.18052009      -1.2004877   0.00063210369
      0.13935988      -1.5347276     0.024078013
      0.14252552      -1.5002178     0.020518922
      0.14585341      -1.4672450     0.017890429
      0.14933271      -1.4357757     0.015760341
      0.15295308      -1.4057676     0.013899499
      0.15670476      -1.3771716     0.012163759
      0.16057853      -1.3499339     0.010442298
      0.16456577      -1.3239976    0.0086271147
      0.16865843      -1.2993041    0.0065845485
      0.17284904      -1.2757942    0.0041118856
      0.17713063      -1.2534089   0.00084519285
      0.18149677      -1.2320904   -0.0039875133
