    0.0029014425      0.52359878    0.0088397719
    0.0076764953       1.2373232    0.0087091054
     0.013296080       1.3806707    0.0085843349
     0.019026031       1.4383417    0.0084591334
     0.024789936       1.4692613    0.0083267069
     0.030568593       1.4885040    0.0081791684
     0.036354970       1.5016248    0.0080066837
     0.042145887       1.5111413    0.0077960667
     0.047939698       1.5183581    0.0075281993
     0.053735467       1.5240183    0.0071729632
     0.059532623       1.5285763    0.0066786845
     0.065330796       1.5323253    0.0059548562
    0.0076764953     -0.19012560    0.0094008053
    0.0087043275      0.52359878    0.0092726752
     0.012647095      0.93223663    0.0091536092
     0.017648786       1.1294899    0.0090353170
     0.023029486       1.2373232    0.0089083508
     0.028575895       1.3038422    0.0087622251
     0.034207502       1.3486067    0.0085856204
     0.039888240       1.3806707    0.0083662949
     0.045599748       1.4047223    0.0080903297
     0.051331758       1.4234114    0.0077409996
     0.057078092       1.4383417    0.0073015148
     0.062834822       1.4505387    0.0067935853
     0.013296080     -0.33347317    0.0099470323
     0.012647095      0.11496092    0.0098236041
     0.014507212      0.52359878    0.0097142577
     0.018119503      0.80463368    0.0096100936
     0.022660990      0.98313530    0.0094997212
     0.027677997       1.0996358    0.0093699010
     0.032954052       1.1796521    0.0092068523
     0.038382476       1.2373232    0.0089978725
     0.043906792       1.2805974    0.0087327953
     0.049494901       1.3141517    0.0084056429
     0.055127407       1.3408745    0.0080200504
     0.060791971       1.3626305    0.0076106381
     0.019026031     -0.39114418     0.010475976
     0.017648786    -0.082292343     0.010357788
     0.018119503      0.24256387     0.010260315
     0.020310097      0.52359878     0.010175765
     0.023749330      0.73681429     0.010091914
     0.027980498      0.89102068    0.0099927656
     0.032697596       1.0028152    0.0098605991
     0.037718752       1.0856686    0.0096793126
     0.042937428       1.1487325    0.0094382845
     0.048289627       1.1979787    0.0091358425
     0.053735467       1.2373232    0.0087831507
     0.059249132       1.2693872    0.0084121252
     0.024789936     -0.42206380     0.010987571
     0.023029486     -0.19012560     0.010872138
     0.022660990     0.064062249     0.010785255
     0.023749330      0.31038327     0.010722441
     0.026112982      0.52359878     0.010672494
     0.029446425      0.69510233     0.010617496
     0.033461067      0.82868530     0.010534611
     0.037941284      0.93223663     0.010400590
     0.042740917       1.0132488     0.010198579
     0.047763772       1.0775751    0.0099246998
     0.052946357       1.1294899    0.0095917437
     0.058246052       1.1720556    0.0092300641
     0.030568593     -0.44130643     0.011486125
     0.028575895     -0.25664466     0.011366577
     0.027677997    -0.052438271     0.011283943
     0.027980498      0.15617687     0.011239596
     0.029446425      0.35209522     0.011226070
     0.031915867      0.52359878     0.011225949
     0.035178121      0.66694634     0.011211870
     0.039034916      0.78401695     0.011150133
     0.043327776      0.87899313     0.011010098
     0.047939698      0.95628825     0.010776976
     0.052787119       1.0197116     0.010460172
     0.057810832       1.0722945     0.010091485
     0.036354970     -0.45442728     0.011982447
     0.034207502     -0.30140915     0.011846145
     0.032954052     -0.13245460     0.011754909
     0.032697596     0.044382395     0.011718422
     0.033461067      0.21851225     0.011735924
     0.035178121      0.38025121     0.011794642
     0.037718752      0.52359878     0.011866857
     0.040929883      0.64669121     0.011908697
     0.044667139      0.75055985     0.011867594
     0.048809818      0.83761316     0.011703175
     0.053263404      0.91058938     0.011410716
     0.057956268      0.97203287     0.011024987
     0.042145887     -0.46394375     0.012496362
     0.039888240     -0.33347317     0.012323023
     0.038382476     -0.19012560     0.012202562
     0.037718752    -0.038471027     0.012154841
     0.037941284      0.11496092     0.012187570
     0.039034916      0.26318061     0.012296850
     0.040929883      0.40050634     0.012462688
     0.043521637      0.52359878     0.012639980
     0.046694298      0.63143204     0.012752933
     0.050338146      0.72461735     0.012713697
     0.054358508      0.80463368     0.012474951
     0.058678043      0.87325792     0.012067768
     0.047939698     -0.47116050     0.013060251
     0.045599748     -0.35752479     0.012818193
     0.043906792     -0.23339984     0.012638444
     0.042937428     -0.10153498     0.012552052
     0.042740917     0.033948732     0.012573781
     0.043327776      0.16820442     0.012709493
     0.044667139      0.29663770     0.012954601
     0.046694298      0.41576552     0.013281372
     0.049324522      0.52359878     0.013612714
     0.052467195      0.61952847     0.013802253
     0.056036162      0.70393909     0.013695323
     0.059955345      0.77778663     0.013275315
     0.053735467     -0.47682074     0.013725037
     0.051331758     -0.37621381     0.013361965
     0.049494901     -0.26695412     0.013080026
     0.048289627     -0.15078113     0.012920456
     0.047763772    -0.030377509     0.012898199
     0.047939698     0.090909298     0.013023297
     0.048809818      0.20958439     0.013306114
     0.050338146      0.32258020     0.013750955
     0.052467195      0.42766908     0.014327160
     0.055127407      0.52359878     0.014891467
     0.058246052      0.60998578     0.015112839
     0.061753712      0.68708375     0.014738474
     0.059532623     -0.48137874     0.014570589
     0.057078092     -0.39114418     0.013989283
     0.055127407     -0.29367693     0.013543900
     0.053735467     -0.19012560     0.013272569
     0.052946357    -0.082292343     0.013173415
     0.052787119     0.027485946     0.013248394
     0.053263404      0.13660817     0.013511876
     0.054358508      0.24256387     0.013992476
     0.056036162      0.34325846     0.014727155
     0.058246052      0.43721177     0.015712163
     0.060930292      0.52359878     0.016652318
     0.064029255      0.60216630     0.016615847
     0.065330796     -0.48512775     0.015706593
     0.062834822     -0.40334111     0.014705272
     0.060791971     -0.31543293     0.014024692
     0.059249132     -0.22218963     0.013610733
     0.058246052     -0.12485803     0.013411928
     0.057810832    -0.025096915     0.013407820
     0.057956268     0.075164683     0.013603241
     0.058678043      0.17393963     0.014028180
     0.059955345      0.26941092     0.014745390
     0.061753712      0.36011380     0.015866597
     0.064029255      0.44503126     0.017547089
     0.066733177      0.52359878     0.019130991
    0.0029014425       2.6179939    0.0083353477
    0.0076764953      -2.9514671    0.0078908621
     0.013296080      -2.8081195    0.0074319716
     0.019026031      -2.7504485    0.0069488021
     0.024789936      -2.7195289    0.0064272331
     0.030568593      -2.7002862    0.0058460887
     0.036354970      -2.6871654    0.0051734982
     0.042145887      -2.6776489    0.0043618721
     0.047939698      -2.6704321    0.0033405796
     0.053735467      -2.6647719    0.0020071344
     0.059532623      -2.6602139   0.00024356362
     0.065330796      -2.6564649   -0.0016588030
    0.0076764953       1.9042695    0.0082007423
    0.0087043275       2.6179939    0.0077511306
     0.012647095       3.0266317    0.0072924708
     0.017648786      -3.0593003    0.0068198443
     0.023029486      -2.9514671    0.0063263072
     0.028575895      -2.8849480    0.0058001880
     0.034207502      -2.8401835    0.0052220948
     0.039888240      -2.8081195    0.0045622883
     0.045599748      -2.7840679    0.0037799953
     0.051331758      -2.7653788    0.0028301179
     0.057078092      -2.7504485    0.0017010726
     0.062834822      -2.7382515   0.00057403649
     0.013296080       1.7609219    0.0080727955
     0.012647095       2.2093560    0.0076186123
     0.014507212       2.6179939    0.0071566100
     0.018119503       2.8990288    0.0066862012
     0.022660990       3.0775304    0.0062073664
     0.027677997      -3.0891544    0.0057179949
     0.032954052      -3.0091381    0.0052107171
     0.038382476      -2.9514671    0.0046704035
     0.043906792      -2.9081928    0.0040747080
     0.049494901      -2.8746385    0.0034019231
     0.055127407      -2.8479157    0.0026552819
     0.060791971      -2.8261597    0.0019197845
     0.019026031       1.7032509    0.0079480532
     0.017648786       2.0121028    0.0074921414
     0.018119503       2.3369590    0.0070243712
     0.020310097       2.6179939    0.0065472712
     0.023749330       2.8312094    0.0060668355
     0.027980498       2.9854158    0.0055902361
     0.032697596       3.0972103    0.0051221789
     0.037718752      -3.1031216    0.0046607755
     0.042937428      -3.0400577    0.0041957409
     0.048289627      -2.9908115    0.0037130072
     0.053735467      -2.9514671    0.0032093849
     0.059249132      -2.9194030    0.0027180249
     0.024789936       1.6723313    0.0078233180
     0.023029486       1.9042695    0.0073725182
     0.022660990       2.1584574    0.0069001063
     0.023749330       2.4047784    0.0064098543
     0.026112982       2.6179939    0.0059118377
     0.029446425       2.7894974    0.0054213645
     0.033461067       2.9230804    0.0049558042
     0.037941284       3.0266317    0.0045285293
     0.042740917       3.1076439    0.0041421889
     0.047763772      -3.1112151    0.0037872775
     0.052946357      -3.0593003    0.0034511475
     0.058246052      -3.0167346    0.0031355018
     0.030568593       1.6530887    0.0076943546
     0.028575895       1.8377504    0.0072606858
     0.027677997       2.0419568    0.0067903853
     0.027980498       2.2505720    0.0062862101
     0.029446425       2.4464903    0.0057591745
     0.031915867       2.6179939    0.0052294402
     0.035178121       2.7613414    0.0047259604
     0.039034916       2.8784120    0.0042811954
     0.043327776       2.9733882    0.0039187847
     0.047939698       3.0506834    0.0036405596
     0.052787119       3.1141067    0.0034268464
     0.057810832      -3.1164957    0.0032541709
     0.036354970       1.6399678    0.0075544320
     0.034207502       1.7929860    0.0071556102
     0.032954052       1.9619405    0.0067009713
     0.032697596       2.1387775    0.0061904540
     0.033461067       2.3129074    0.0056324819
     0.035178121       2.4746463    0.0050461470
     0.037718752       2.6179939    0.0044656608
     0.040929883       2.7410863    0.0039423428
     0.044667139       2.8449550    0.0035337593
     0.048809818       2.9320083    0.0032740129
     0.053263404       3.0049845    0.0031481617
     0.057956268       3.0664280    0.0031061004
     0.042145887       1.6304514    0.0073927740
     0.039888240       1.7609219    0.0070523902
     0.038382476       1.9042695    0.0066336016
     0.037718752       2.0559241    0.0061334036
     0.037941284       2.2093560    0.0055558204
     0.039034916       2.3575757    0.0049126236
     0.040929883       2.4949014    0.0042307584
     0.043521637       2.6179939    0.0035660846
     0.046694298       2.7258271    0.0030134629
     0.050338146       2.8190125    0.0026786057
     0.054358508       2.8990288    0.0025946658
     0.058678043       2.9676530    0.0026849073
     0.047939698       1.6232346    0.0071928823
     0.045599748       1.7368703    0.0069413492
     0.043906792       1.8609953    0.0065839578
     0.042937428       1.9928601    0.0061176778
     0.042740917       2.1283438    0.0055443182
     0.043327776       2.2625995    0.0048665354
     0.044667139       2.3910328    0.0040927193
     0.046694298       2.5101606    0.0032541462
     0.049324522       2.6179939    0.0024442034
     0.052467195       2.7139236    0.0018612798
     0.056036162       2.7983342    0.0017107175
     0.059955345       2.8721817    0.0019422015
     0.053735467       1.6175744    0.0069309243
     0.051331758       1.7181813    0.0068092337
     0.049494901       1.8274410    0.0065423637
     0.048289627       1.9436140    0.0061360056
     0.047763772       2.0640176    0.0055968725
     0.047939698       2.1853044    0.0049237191
     0.048809818       2.3039795    0.0041074966
     0.050338146       2.4169753    0.0031380509
     0.052467195       2.5220642    0.0020339112
     0.055127407       2.6179939   0.00095614483
     0.058246052       2.7043809   0.00041500815
     0.061753712       2.7814789   0.00076588082
     0.059532623       1.6130164    0.0065792974
     0.057078092       1.7032509    0.0066462300
     0.055127407       1.8007182    0.0064986178
     0.053735467       1.9042695    0.0061745919
     0.052946357       2.0121028    0.0056968632
     0.052787119       2.1218810    0.0050692265
     0.053263404       2.2310033    0.0042777527
     0.054358508       2.3369590    0.0032887389
     0.056036162       2.4376536    0.0020450460
     0.058246052       2.5316069   0.00048501665
     0.060930292       2.6179939   -0.0011573483
     0.064029255       2.6965614   -0.0010784729
     0.065330796       1.6092674    0.0061830290
     0.062834822       1.6910540    0.0064734992
     0.060791971       1.7789622    0.0064529200
     0.059249132       1.8722055    0.0062208202
     0.058246052       1.9695371    0.0058210307
     0.057810832       2.0692982    0.0052676061
     0.057956268       2.1695598    0.0045531024
     0.058678043       2.2683347    0.0036478164
     0.059955345       2.3638060    0.0024903165
     0.061753712       2.4545089   0.00096276135
     0.064029255       2.5394264   -0.0011704228
     0.066733177       2.6179939   -0.0038362846
    0.0029014425      -1.5707963    0.0086961500
    0.0076764953     -0.85707195    0.0092659566
     0.013296080     -0.71372438    0.0098204114
     0.019026031     -0.65605337     0.010357041
     0.024789936     -0.62513375     0.010876065
     0.030568593     -0.60589112     0.011382215
     0.036354970     -0.59277027     0.011886714
     0.042145887     -0.58325380     0.012409622
     0.047939698     -0.57603705     0.012983172
     0.053735467     -0.57037681     0.013657239
     0.059532623     -0.56581881     0.014507464
     0.065330796     -0.56206980     0.015620128
    0.0076764953      -2.2845207    0.0082638478
    0.0087043275      -1.5707963    0.0088547530
     0.012647095      -1.1621585    0.0094314561
     0.017648786     -0.96490521    0.0099893673
     0.023029486     -0.85707195     0.010525938
     0.028575895     -0.79055289     0.011042287
     0.034207502     -0.74578840     0.011544838
     0.039888240     -0.71372438     0.012046848
     0.045599748     -0.68967276     0.012569551
     0.051331758     -0.67098374     0.013142015
     0.057078092     -0.65605337     0.013794884
     0.062834822     -0.64385644     0.014522217
     0.013296080      -2.4278683    0.0078151122
     0.012647095      -1.9794342    0.0084326815
     0.014507212      -1.5707963    0.0090390471
     0.018119503      -1.2897614    0.0096265092
     0.022660990      -1.1112598     0.010188844
     0.027677997     -0.99475928     0.010722701
     0.032954052     -0.91474295     0.011229130
     0.038382476     -0.85707195     0.011714907
     0.043906792     -0.81379771     0.012192902
     0.049494901     -0.78024343     0.012680079
     0.055127407     -0.75352062     0.013189949
     0.060791971     -0.73176462     0.013710918
     0.019026031      -2.4855393    0.0073371383
     0.017648786      -2.1766874    0.0079871427
     0.018119503      -1.8518312    0.0086320282
     0.020310097      -1.5707963    0.0092601815
     0.023749330      -1.3575808    0.0098611278
     0.027980498      -1.2033744     0.010426413
     0.032697596      -1.0915799     0.010950992
     0.037718752      -1.0087265     0.011434987
     0.042937428     -0.94566257     0.011884785
     0.048289627     -0.89641642     0.012311698
     0.053735467     -0.85707195     0.012726150
     0.059249132     -0.82500793     0.013125500
     0.024789936      -2.5164589    0.0068123295
     0.023029486      -2.2845207    0.0075012371
     0.022660990      -2.0303329    0.0081948161
     0.023749330      -1.7840118    0.0088768685
     0.026112982      -1.5707963    0.0095326847
     0.029446425      -1.3992928     0.010148730
     0.033461067      -1.2657098     0.010713217
     0.037941284      -1.1621585     0.011218224
     0.042740917      -1.0811463     0.011662707
     0.047763772      -1.0168200     0.012053882
     0.052946357     -0.96490521     0.012403837
     0.058246052     -0.92233952     0.012720607
     0.030568593      -2.5357015    0.0062158980
     0.028575895      -2.3510398    0.0069524409
     0.027677997      -2.1468334    0.0077068649
     0.027980498      -1.9382182    0.0084574704
     0.029446425      -1.7422999    0.0091860972
     0.031915867      -1.5707963    0.0098756126
     0.035178121      -1.4274488     0.010508192
     0.039034916      -1.3103782     0.011066216
     0.043327776      -1.2154020     0.011537043
     0.047939698      -1.1381068     0.011919757
     0.052787119      -1.0746835     0.012227379
     0.057810832      -1.0221006     0.012479411
     0.036354970      -2.5488224    0.0055123768
     0.034207502      -2.3958043    0.0063110155
     0.032954052      -2.2268497    0.0071427731
     0.032697596      -2.0500127    0.0079783086
     0.033461067      -1.8758829    0.0087973622
     0.035178121      -1.7141439    0.0095827180
     0.037718752      -1.5707963     0.010314526
     0.040929883      -1.4477039     0.010966839
     0.044667139      -1.3438352     0.011510146
     0.048809818      -1.2567819     0.011923909
     0.053263404      -1.1838057     0.012212862
     0.057956268      -1.1223622     0.012407784
     0.042145887      -2.5583389    0.0046498163
     0.039888240      -2.4278683    0.0055376223
     0.038382476      -2.2845207    0.0064730071
     0.037718752      -2.1328661    0.0074139112
     0.037941284      -1.9794342    0.0083394977
     0.039034916      -1.8312145    0.0092376693
     0.040929883      -1.6938888     0.010094638
     0.043521637      -1.5707963     0.010885191
     0.046694298      -1.4629631     0.011565095
     0.050338146      -1.3697778     0.012077688
     0.054358508      -1.2897614     0.012390553
     0.058678043      -1.2211372     0.012534398
     0.047939698      -2.5655556    0.0035491160
     0.045599748      -2.4519199    0.0045797885
     0.043906792      -2.3277949    0.0056656523
     0.042937428      -2.1959301    0.0067417773
     0.042740917      -2.0604464    0.0077895680
     0.043327776      -1.9261907    0.0088083768
     0.044667139      -1.7977574    0.0098000182
     0.046694298      -1.6786296     0.010756309
     0.049324522      -1.5707963     0.011640641
     0.052467195      -1.4748666     0.012363944
     0.056036162      -1.3904560     0.012801261
     0.059955345      -1.3166085     0.012918146
     0.053735467      -2.5712158    0.0020829962
     0.051331758      -2.4706089    0.0033694070
     0.049494901      -2.3613492    0.0046923634
     0.048289627      -2.2451762    0.0059501623
     0.047763772      -2.1247726    0.0071381104
     0.047939698      -2.0034858    0.0082766250
     0.048809818      -1.8848107    0.0093901919
     0.050338146      -1.7718149     0.010499616
     0.052467195      -1.6667260     0.011609221
     0.055127407      -1.5707963     0.012664649
     0.058246052      -1.4844093     0.013454367
     0.061753712      -1.4073114     0.013664461
     0.059532623      -2.5757738   3.3243915e-05
     0.057078092      -2.4855393    0.0018404790
     0.055127407      -2.3880720    0.0035518427
     0.053735467      -2.2845207    0.0050535955
     0.052946357      -2.1766874    0.0063998734
     0.052787119      -2.0669092    0.0076506183
     0.053263404      -1.9577869    0.0088572520
     0.054358508      -1.8518312     0.010067227
     0.056036162      -1.7511366     0.011329109
     0.058246052      -1.6571833     0.012686823
     0.060930292      -1.5707963     0.014094935
     0.064029255      -1.4922288     0.014926845
     0.065330796      -2.5795229   -0.0029226029
     0.062834822      -2.4977362   0.00010575220
     0.060791971      -2.4098280    0.0023523485
     0.059249132      -2.3165847    0.0041259306
     0.058246052      -2.2192531    0.0056265927
     0.057810832      -2.1194920    0.0069704883
     0.057956268      -2.0192304    0.0082351143
     0.058678043      -1.9204555    0.0094831271
     0.059955345      -1.8249842     0.010778759
     0.061753712      -1.7342813     0.012205740
     0.064029255      -1.6493638     0.013896678
     0.066733177      -1.5707963     0.016067139
      0.12313197       1.0354154     0.015022191
      0.12815708       1.0585177     0.015307059
      0.13324541       1.0798661     0.015560804
      0.13838999       1.0996358     0.015761793
      0.14358476       1.1179818     0.015889901
      0.14882449       1.1350413     0.015926203
      0.15410457       1.1509362     0.015851789
      0.15942100       1.1657744     0.015645024
      0.16477026       1.1796521     0.015276327
      0.17014926       1.1926548     0.014699593
      0.17555525       1.2048586     0.013849427
      0.18098583       1.2163317     0.013005562
      0.12333690      0.98835228     0.014748784
      0.12822275       1.0132488     0.015073527
      0.13318222       1.0363046     0.015376276
      0.13820737       1.0576944     0.015633880
      0.14329131       1.0775751     0.015825043
      0.14842800       1.0960866     0.015930600
      0.15361213       1.1133542     0.015933479
      0.15883907       1.1294899     0.015818015
      0.16410473       1.1445938     0.015568878
      0.16940548       1.1587556     0.015172627
      0.17473815       1.1720556     0.014638545
      0.18009990       1.1845657     0.014114851
      0.12381377      0.94154846     0.014429790
      0.12855060      0.96811865     0.014811220
      0.13337171      0.99278431     0.015179888
      0.13826827       1.0157161     0.015510351
      0.14323255       1.0370689     0.015779029
      0.14825775       1.0569828     0.015964936
      0.15333787       1.0755842     0.016050840
      0.15846764       1.0929870     0.016024444
      0.16364239       1.1092938     0.015879531
      0.16885797       1.1245971     0.015619052
      0.17411073       1.1389803     0.015267289
      0.17939739       1.1525184     0.014904537
      0.12455944      0.89520435     0.014033830
      0.12913864      0.92330877     0.014491333
      0.13381282      0.94946926     0.014946018
      0.13857236      0.97384843     0.015369806
      0.14340877      0.99659602     0.015736037
      0.14831452       1.0178492     0.016019986
      0.15328296       1.0377331     0.016200965
      0.15830819       1.0563616     0.016265539
      0.16338496       1.0738382     0.016210644
      0.16850863       1.0902568     0.016046139
      0.17367503       1.1057025     0.015798990
      0.17888046       1.1202526     0.015522112
      0.12556912      0.84950855     0.013524174
      0.12998333      0.87899313     0.014080462
      0.13450306      0.90651878     0.014644461
      0.13911804      0.93223663     0.015185899
      0.14381909      0.95628825     0.015675476
      0.14859805      0.97880520     0.016083703
      0.15344764      0.99990904     0.016382789
      0.15836136       1.0197116     0.016552091
      0.16333343       1.0383155     0.016585049
      0.16835869       1.0558145     0.016493491
      0.17343250       1.0722945     0.016307443
      0.17855073       1.0878336     0.016072657
      0.12683652      0.80463368     0.012856498
      0.13107971      0.83533415     0.013539487
      0.13543864      0.86408418     0.014239651
      0.13990249      0.89102068     0.014925731
      0.14446154      0.91627438     0.015568444
      0.14910705      0.93996885     0.016135371
      0.15383119      0.96221986     0.016589638
      0.15862693      0.98313530     0.016895785
      0.16348798       1.0028152     0.017033086
      0.16840868       1.0213518     0.017008331
      0.17338395       1.0388304     0.016856728
      0.17840922       1.0553291     0.016630522
      0.12835399      0.76073308     0.011975562
      0.13242153      0.79247953     0.012822750
      0.13661451      0.82230583     0.013691306
      0.14092172      0.85033255     0.014550322
      0.14533302      0.87667756     0.015375757
      0.14983921      0.90145434     0.016139144
      0.15443199      0.92477103     0.016798746
      0.15910385      0.94672976     0.017298795
      0.16384803      0.96742638     0.017586551
      0.16865843      0.98695037     0.017645166
      0.17352955       1.0053850     0.017512393
      0.17845640       1.0228073     0.017261553
      0.13011279      0.71793859     0.010809714
      0.13400142      0.75055985     0.011877444
      0.13802452      0.78131062     0.012957061
      0.14217068      0.81029391     0.014018736
      0.14642945      0.83761316     0.015050764
      0.15079129      0.86337023     0.016040664
      0.15524751      0.88766401     0.016957329
      0.15979021      0.91058938     0.017733562
      0.16441223      0.93223663     0.018266197
      0.16910706      0.95269107     0.018468931
      0.17386881      0.97203287     0.018355435
      0.17869211      0.99033705     0.018039179
      0.13210329      0.67635939    0.0092619677
      0.13581107      0.70968699     0.010643898
      0.13966159      0.74121033     0.011997735
      0.14364338      0.77101429     0.013296640
      0.14774583      0.79918703     0.014550185
      0.15195916      0.82581767     0.015775178
      0.15627440      0.85099465     0.016974735
      0.16068334      0.87480440     0.018107538
      0.16517849      0.89733044     0.019040304
      0.16975298      0.91865275     0.019546987
      0.17440059      0.93884742     0.019500962
      0.17911561      0.95798634     0.019062065
      0.13431517      0.63608180    0.0071986920
      0.13784142      0.66995337    0.0090618039
      0.14151784      0.70210040     0.010787882
      0.14533302      0.73258980     0.012368790
      0.14927633      0.76149408     0.013851695
      0.15333787      0.78888906     0.015293428
      0.15750851      0.81485191     0.016746507
      0.16177981      0.83945969     0.018241007
      0.16614400      0.86278822     0.019720615
      0.17059396      0.88491123     0.020872865
      0.17512315      0.90589974     0.021122995
      0.17972557      0.92582172     0.020481728
      0.13673769      0.59717004    0.0044579906
      0.14008289      0.63143204    0.0071048501
      0.14358476      0.66405960    0.0093414212
      0.14723213      0.69510233     0.011256108
      0.15101444      0.72461735     0.012971046
      0.15492181      0.75266697     0.014593291
      0.15894503      0.77931671     0.016220606
      0.16307552      0.80463368     0.017952631
      0.16730534      0.82868530     0.019887662
      0.17162713      0.85153830     0.022006622
      0.17603413      0.87325792     0.023420486
      0.18052009      0.89390742     0.022551281
      0.13935988      0.55966752    0.0010917678
      0.14252552      0.59417730    0.0049264771
      0.14585341      0.62715011    0.0077745596
      0.14933271      0.65861937     0.010041340
      0.15295308      0.68862746     0.011972704
      0.15670476      0.71722346     0.013731453
      0.16057853      0.74446116     0.015445229
      0.16456577      0.77039747     0.017239155
      0.16865843      0.79509099     0.019269244
      0.17284904      0.81860092     0.021774177
      0.17713063      0.84098618     0.025141263
      0.18149677      0.86230468     0.025587026
      0.12064559       1.0712492     0.015139550
      0.11573083       1.0973598     0.015121522
      0.11090192       1.1257651     0.015088055
      0.10617060       1.1567289     0.015013535
      0.10155049       1.1905451     0.014871138
     0.097057480       1.2275379     0.014632090
     0.092710055       1.2680599     0.014264309
     0.088529662       1.3124878     0.013729723
     0.084541084       1.3612119     0.012979734
     0.080772740       1.4146195     0.011950298
     0.077256866       1.4730680     0.010574286
     0.074029439       1.5368476    0.0089686114
      0.12577009       1.0933528     0.015411387
      0.12092438       1.1192414     0.015405322
      0.11616645       1.1472709     0.015397138
      0.11150753       1.1776681     0.015361719
      0.10696057       1.2106825     0.015272419
      0.10254044       1.2465852     0.015101205
     0.098264280       1.2856668     0.014819087
     0.094151697       1.3282325     0.014396603
     0.090225065       1.3745934     0.013804585
     0.086509708       1.4250531     0.013018465
     0.083033992       1.4798870     0.012040321
     0.079829224       1.5393149     0.010986398
      0.13095120       1.1137166     0.015653204
      0.12617105       1.1393122     0.015670300
      0.12148004       1.1669038     0.015698637
      0.11688889       1.1966871     0.015714340
      0.11240984       1.2288743     0.015690985
      0.10805682       1.2636934     0.015600023
      0.10384570       1.3013854     0.015412482
     0.099794439       1.3421997     0.015101955
     0.095923286       1.3863870     0.014648659
     0.092254922       1.4341882     0.014045646
     0.088814477       1.4858186     0.013312744
     0.085629428       1.5414480     0.012529753
      0.13618247       1.1325232     0.015843440
      0.13146448       1.1577736     0.015893908
      0.12683652       1.1848849     0.015968845
      0.12230879       1.2140262     0.016046901
      0.11789286       1.2453790     0.016102761
      0.11360176       1.2791357     0.016106806
      0.10945016       1.3154975     0.016026897
      0.10545456       1.3546698     0.015833156
      0.10163335       1.3968567     0.015505207
     0.098006931       1.4422515     0.015040109
     0.094597705       1.4910252     0.014460458
     0.091429973       1.5433104     0.013824973
      0.14145834       1.1499328     0.015961821
      0.13679924       1.1748005     0.016054662
      0.13223068       1.2014039     0.016184348
      0.12776234       1.2298896     0.016333778
      0.12340514       1.2604131     0.016480971
      0.11917125       1.2931377     0.016596742
      0.11507430       1.3282325     0.016644443
      0.11112941       1.3658680     0.016584539
      0.10735337       1.4062116     0.016385447
      0.10376461       1.4494205     0.016037115
      0.10038320       1.4956316     0.015559860
     0.097230797       1.5449506     0.015004958
      0.14677399       1.1660860     0.015989155
      0.14217068       1.1905451     0.016132693
      0.13765808       1.2166243     0.016323193
      0.13324541       1.2444508     0.016549292
      0.12894292       1.2741586     0.016795689
      0.12476203       1.3058871     0.017038140
      0.12071535       1.3397789     0.017238688
      0.11681685       1.3759769     0.017345254
      0.11308184       1.4146195     0.017302777
      0.10952705       1.4558354     0.017077629
      0.10617060       1.4997360     0.016679850
      0.10303185       1.5464061     0.016162871
      0.15212526       1.1811064     0.015906220
      0.14757479       1.2051400     0.016109999
      0.14311496       1.2306870     0.016366561
      0.13875449       1.2578584     0.016670465
      0.13450306       1.2867700     0.017016314
      0.13037134       1.3175412     0.017391569
      0.12637106       1.3502932     0.017766840
      0.12251511       1.3851463     0.018084751
      0.11881752       1.4222160     0.018258543
      0.11529356       1.4616088     0.018202401
      0.11195959       1.5034160     0.017890117
      0.10883310       1.5477064     0.017380511
      0.15750851       1.1951031     0.015691085
      0.15300811       1.2187011     0.015970015
      0.14859805       1.2437144     0.016300488
      0.14428661       1.2702400     0.016681071
      0.14008289       1.2983784     0.017117895
      0.13599690       1.3282325     0.017615914
      0.13203954       1.3599057     0.018167960
      0.12822275       1.3935000     0.018734742
      0.12455944       1.4291126     0.019214780
      0.12106354       1.4668321     0.019439306
      0.11774996       1.5067341     0.019271586
      0.11463452       1.5488751     0.018749667
      0.16292058       1.2081723     0.015313912
      0.15846764       1.2313300     0.015696704
      0.15410457       1.2558127     0.016117482
      0.14983921       1.2817055     0.016575664
      0.14568015       1.3090961     0.017089468
      0.14163676       1.3380733     0.017682955
      0.13771922       1.3687261     0.018378826
      0.13393858       1.4011413     0.019183575
      0.13030675       1.4354011     0.020043360
      0.12683652       1.4715800     0.020748925
      0.12354150       1.5097411     0.020918814
      0.12043608       1.5499313     0.020398224
      0.16835869       1.2203992     0.014728384
      0.16395076       1.2431159     0.015276234
      0.15963208       1.2670747     0.015819931
      0.15541010       1.2923504     0.016362853
      0.15129291       1.3190197     0.016939906
      0.14728929       1.3471597     0.017592985
      0.14340877       1.3768472     0.018369642
      0.13966159       1.4081567     0.019324024
      0.13605878       1.4411581     0.020503069
      0.13261211       1.4759145     0.021853838
      0.12933406       1.5124788     0.022862831
      0.12623776       1.5508903     0.022536841
      0.17382038       1.2318593     0.013869180
      0.16945517       1.2541376     0.014718115
      0.16517849       1.2775816     0.015432587
      0.16099738       1.3022575     0.016069820
      0.15691950       1.3282325     0.016698519
      0.15295308       1.3555738     0.017378233
      0.14910705       1.3843481     0.018169610
      0.14539093       1.4146195     0.019147365
      0.14181496       1.4464479     0.020417015
      0.13838999       1.4798870     0.022132373
      0.13512750       1.5149818     0.024406284
      0.13203954       1.5517651     0.025555138
      0.17930351       1.2426199     0.013016950
      0.17497887       1.2644646     0.014172621
      0.17074194       1.2874049     0.015037937
      0.16659940       1.3114992     0.015751270
      0.16255848       1.3368068     0.016412368
      0.15862693       1.3633865     0.017091581
      0.15481310       1.3912964     0.017851026
      0.15112589       1.4205920     0.018760158
      0.14757479       1.4513249     0.019913274
      0.14416987       1.4835411     0.021457774
      0.14092172       1.5172789     0.023646963
      0.13784142       1.5525662     0.026792013
      0.11810689       1.0349141     0.014866632
      0.11832053      0.98585437     0.014583780
      0.11881752      0.93708828     0.014254406
      0.11959435      0.88884200     0.013847358
      0.12064559      0.84132733     0.013326211
      0.12196416      0.79473657     0.012646429
      0.12354150      0.74923869     0.011750937
      0.12536783      0.70497687     0.010562412
      0.12743246      0.66206737    0.0089691038
      0.12972401      0.62059962    0.0067972657
      0.13223068      0.58063741    0.0037539044
      0.13494047      0.54222082  -0.00070440598
      0.11308184       1.0600269     0.014853178
      0.11315626       1.0087265     0.014592752
      0.11352763      0.95762781     0.014300415
      0.11419305      0.90699344     0.013947695
      0.11514743      0.85707195     0.013502408
      0.11638365      0.80809085     0.012926404
      0.11789286      0.76025128     0.012172482
      0.11966472      0.71372438     0.011179787
      0.12168776      0.66864944    0.0098666028
      0.12394968      0.62513375    0.0081200190
      0.12643766      0.58325380    0.0057891377
      0.12913864      0.54305756    0.0027507110
      0.10813470       1.0874560     0.014823593
      0.10805682       1.0337716     0.014597272
      0.10829029      0.98016438     0.014353157
      0.10883310      0.92693989     0.014065243
      0.10968067      0.87439072     0.013705311
      0.11082599      0.82278735     0.013241177
      0.11225996      0.77237064     0.012634920
      0.11397167      0.72334659     0.011841179
      0.11594884      0.67588342     0.010805948
      0.11817814      0.63011087    0.0094682640
      0.12064559      0.58612143    0.0077755590
      0.12333690      0.54397302    0.0057552044
      0.10327668       1.1174901     0.014752504
      0.10303185       1.0612783     0.014572086
      0.10311353       1.0049775     0.014386699
      0.10352093      0.94894296     0.014172539
      0.10425025      0.89352003     0.013904914
      0.10529478      0.83903171     0.013556545
      0.10664528      0.78576826     0.013096340
      0.10829029      0.73397951     0.012489295
      0.11021663      0.68387031     0.011698377
      0.11240984      0.63559893     0.010690314
      0.11485462      0.58927825    0.0094510011
      0.11753528      0.54497886    0.0080255078
     0.098520957       1.1504560     0.014613713
     0.098092789       1.0915799     0.014492265
     0.098006931       1.0323948     0.014376691
     0.098264280      0.97331302     0.014245046
     0.098862156      0.91474295     0.014076009
     0.099794439      0.85707195     0.013846576
      0.10105187      0.80065197     0.013530363
      0.10262251      0.74578840     0.013097652
      0.10449222      0.69273291     0.012518477
      0.10664528      0.64168050     0.011769844
      0.10906491      0.59277027     0.010848329
      0.11173379      0.54608915    0.0097910751
     0.093883075       1.1867216     0.014378897
     0.093253282       1.1250601     0.014332077
     0.092982065       1.0628003     0.014299378
     0.093072559       1.0004195     0.014259962
     0.093523713      0.93840043     0.014196086
     0.094330353      0.87720935     0.014089485
     0.095483470      0.81727571     0.013918057
     0.096970705      0.75897584     0.013654297
     0.098776967      0.70262195     0.013267846
      0.10088512      0.64845681     0.012734034
      0.10327668      0.59665378     0.012047120
      0.10593246      0.54732105     0.011234229
     0.089381384       1.2266975     0.014015364
     0.088529662       1.1621585     0.014063366
     0.088052924       1.0966444     0.014130641
     0.087957266       1.0307033     0.014195468
     0.088243928      0.96490521     0.014243993
     0.088909212      0.89981259     0.014264390
     0.089944717      0.83595252     0.014240969
     0.091337852      0.77379268     0.014149059
     0.093072559      0.71372438     0.013953759
     0.095130154      0.65605337     0.013618259
     0.097490195      0.60099836     0.013123000
      0.10013130      0.54869569     0.012484245
     0.085037513       1.2708342     0.013481889
     0.083941494       1.2033744     0.013653001
     0.083236514       1.1344527     0.013845030
     0.082932545       1.0646912     0.014030727
     0.083033992      0.99475928     0.014200138
     0.083539377      0.92533614     0.014350389
     0.084441448      0.85707195     0.014476806
     0.085727684      0.79055289     0.014563563
     0.087381121      0.72627481     0.014574200
     0.089381384      0.66462767     0.014451379
     0.091705780      0.60589112     0.014142386
     0.094330353      0.55023941     0.013641747
     0.080876896       1.3196155     0.012720826
     0.079512230       1.2492678     0.013058767
     0.078553575       1.1768358     0.013414955
     0.078015899       1.1030121     0.013746883
     0.077907918       1.0285755     0.014048582
     0.078231413      0.95434432     0.014329169
     0.078981081      0.88112357     0.014600299
     0.080144964      0.80965407     0.014865229
     0.081705362      0.74057143     0.015101661
     0.083640088      0.67437990     0.015238566
     0.085923857      0.61144251     0.015161446
     0.088529662      0.55198542     0.014799221
     0.076929273       1.3735431     0.011642702
     0.075269928       1.3004527     0.012223469
     0.074029439       1.2244939     0.012811419
     0.073229098       1.1464139     0.013329901
     0.072883404       1.0671036     0.013780914
     0.072998817      0.98754253     0.014190869
     0.073573167      0.90872896     0.014591734
     0.074595855      0.83160612     0.015013381
     0.076048795      0.75699862     0.015470456
     0.077907918      0.68556839     0.015923170
     0.080144964      0.61779469     0.016203486
     0.082729279      0.55397628     0.016057772
     0.073229098       1.4331090     0.010094140
     0.071247991       1.3575808     0.011071666
     0.069695040       1.2782149     0.012012882
     0.068599329       1.1957779     0.012778541
     0.067982971       1.1112598     0.013402134
     0.067859027       1.0258175     0.013940701
     0.068230182      0.94068546     0.014449865
     0.069088457      0.85707195     0.014984405
     0.070416043      0.77605976     0.015600579
     0.072187050      0.69853212     0.016342409
     0.074369807      0.62513375     0.017144375
     0.076929273      0.55626735     0.017522736
     0.069815724       1.4987524    0.0077839636
     0.067485831       1.4213068    0.0095559283
     0.065588004       1.3388581     0.011048403
     0.064160597       1.2521259     0.012126160
     0.063235473       1.1621585     0.012940405
     0.062834822       1.0702875     0.013603676
     0.062968656      0.97802605     0.014198802
     0.063633602      0.88692602     0.014797386
     0.064813316      0.79842569     0.015475773
     0.066480399      0.71372438     0.016331922
     0.068599329      0.63370805     0.017498502
     0.071129737      0.55893204     0.018982692
      0.12313197     0.011782113     0.010874824
      0.12333690     0.058845276     0.010381625
      0.12381377      0.10564909    0.0098753155
      0.12455944      0.15199320    0.0093302351
      0.12556912      0.19768900    0.0087168021
      0.12683652      0.24256387    0.0079979660
      0.12835399      0.28646447    0.0071243427
      0.13011279      0.32925896    0.0060268314
      0.13210329      0.37083817    0.0046046592
      0.13431517      0.41111575    0.0027072435
      0.13673769      0.45002751   0.00013132447
      0.13935988      0.48753003   -0.0029050996
      0.12815708    -0.011320110     0.010683995
      0.12822275     0.033948732     0.010215997
      0.12855060     0.079078902    0.0097460950
      0.12913864      0.12388878    0.0092520744
      0.12998333      0.16820442    0.0087104996
      0.13107971      0.21186340    0.0080936365
      0.13242153      0.25471802    0.0073660802
      0.13400142      0.29663770    0.0064813649
      0.13581107      0.33751056    0.0053798831
      0.13784142      0.37724418    0.0039946876
      0.14008289      0.41576552    0.0022976882
      0.14252552      0.45302025   0.00052987617
      0.13324541    -0.032668577     0.010441193
      0.13318222     0.010892970     0.010010966
      0.13337171     0.054413241    0.0095862651
      0.13381282     0.097728290    0.0091476829
      0.13450306      0.14067878    0.0086774406
      0.13543864      0.18311337    0.0081564827
      0.13661451      0.22489173    0.0075616982
      0.13802452      0.26588693    0.0068641983
      0.13966159      0.30598723    0.0060307615
      0.14151784      0.34509715    0.0050336822
      0.14358476      0.38313795    0.0038832448
      0.14585341      0.42004744    0.0027127253
      0.13838999    -0.052438271     0.010120379
      0.13820737    -0.010496892    0.0097453083
      0.13826827     0.031481429    0.0093778076
      0.13857236     0.073349118    0.0090002688
      0.13911804      0.11496092    0.0085997542
      0.13990249      0.15617687    0.0081649633
      0.14092172      0.19686500    0.0076832189
      0.14217068      0.23690364    0.0071384390
      0.14364338      0.27618326    0.0065121624
      0.14533302      0.31460775    0.0057909980
      0.14723213      0.35209522    0.0049853893
      0.14933271      0.38857818    0.0041640697
      0.14358476    -0.070784208    0.0096912251
      0.14329131    -0.030377509    0.0093962625
      0.14323255     0.010128606    0.0091042360
      0.14340877     0.050601528    0.0087978629
      0.14381909     0.090909298    0.0084680167
      0.14446154      0.13092317    0.0081103352
      0.14533302      0.17051999    0.0077216846
      0.14642945      0.20958439    0.0072968519
      0.14774583      0.24801052    0.0068272352
      0.14927633      0.28570347    0.0063046394
      0.15101444      0.32258020    0.0057325855
      0.15295308      0.35857009    0.0051439733
      0.14882449    -0.087843731    0.0091160780
      0.14842800    -0.048889001    0.0089368511
      0.14825775   -0.0097852855    0.0087481507
      0.14831452     0.029348364    0.0085309521
      0.14859805     0.068392349    0.0082787581
      0.14910705      0.10722870    0.0079932398
      0.14983921      0.14574321    0.0076804166
      0.15079129      0.18382732    0.0073463689
      0.15195916      0.22137988    0.0069928103
      0.15333787      0.25830849    0.0066159568
      0.15492181      0.29453058    0.0062129704
      0.15670476      0.32997409    0.0057948634
      0.15410457     -0.10373860    0.0083452753
      0.15361213    -0.066156624    0.0083324608
      0.15333787    -0.028386648    0.0082883576
      0.15328296    0.0094644759    0.0081895539
      0.15344764     0.047288512    0.0080314544
      0.15383119     0.084977687    0.0078208642
      0.15443199      0.12242652    0.0075719441
      0.15524751      0.15953355    0.0073027441
      0.15627440      0.19620290    0.0070292123
      0.15750851      0.23234564    0.0067574122
      0.15894503      0.26788084    0.0064822620
      0.16057853      0.30273639    0.0061989708
      0.15942100     -0.11857688    0.0073096115
      0.15883907    -0.082292343    0.0075369819
      0.15846764    -0.045789421    0.0076974596
      0.15830819   -0.0091640334    0.0077604855
      0.15836136     0.027485946    0.0077249118
      0.15862693     0.064062249    0.0076032719
      0.15910385      0.10046779    0.0074160745
      0.15979021      0.13660817    0.0071910468
      0.16068334      0.17239315    0.0069612302
      0.16177981      0.20773786    0.0067540233
      0.16307552      0.24256387    0.0065738823
      0.16456577      0.27680008    0.0064038187
      0.16477026     -0.13245460    0.0059077932
      0.16410473    -0.097396289    0.0064897591
      0.16364239    -0.062096246    0.0069421656
      0.16338496    -0.026640631    0.0072270131
      0.16333343    0.0088820783    0.0073544688
      0.16348798     0.044382395    0.0073481744
      0.16384803     0.079771168    0.0072351425
      0.16441223      0.11496092    0.0070468981
      0.16517849      0.14986712    0.0068264570
      0.16614400      0.18440933    0.0066313496
      0.16730534      0.21851225    0.0065054163
      0.16865843      0.25210656    0.0064333070
      0.17014926     -0.14545725    0.0039863659
      0.16940548     -0.11155808    0.0051191254
      0.16885797    -0.077399583    0.0059916148
      0.16850863    -0.043059209    0.0065748467
      0.16835869   -0.0086169549    0.0069136943
      0.16840868     0.025845748    0.0070569950
      0.16865843     0.060247178    0.0070444766
      0.16910706     0.094506481    0.0069088586
      0.16975298      0.12854480    0.0066858325
      0.17059396      0.16228632    0.0064388912
      0.17162713      0.19565926    0.0062859853
      0.17284904      0.22859663    0.0062898896
      0.17555525     -0.15766106    0.0013253300
      0.17473815     -0.12485803    0.0033812248
      0.17411073    -0.091782748    0.0048476768
      0.17367503    -0.058504924    0.0058102068
      0.17343250    -0.025096915    0.0064045694
      0.17338395    0.0083671999    0.0067283493
      0.17352955     0.041812592    0.0068454577
      0.17386881     0.075164683    0.0067963878
      0.17440059      0.10835014    0.0066062670
      0.17512315      0.14129781    0.0062979179
      0.17603413      0.17393963    0.0059634561
      0.17713063      0.20621137    0.0059465792
      0.18098583     -0.16913413   -0.0020352322
      0.18009990     -0.13736818    0.0014697178
      0.17939739     -0.10532086    0.0036292753
      0.17888046    -0.073055002    0.0049958227
      0.17855073    -0.040636088    0.0058564150
      0.17840922   -0.0081315147    0.0063709162
      0.17845640     0.024390244    0.0066331151
      0.17869211     0.056860499    0.0066984827
      0.17911561     0.089211211    0.0065965456
      0.17972557      0.12137584    0.0063338170
      0.18052009      0.15329013    0.0058867797
      0.18149677      0.18489287    0.0053165869
      0.11810689     0.012283430     0.011289833
      0.11308184    -0.012829302     0.011948918
      0.10813470    -0.040258488     0.012587782
      0.10327668    -0.070292567     0.013190790
     0.098520957     -0.10325841     0.013746115
     0.093883075     -0.13952408     0.014247246
     0.089381384     -0.17949992     0.014694284
     0.085037513     -0.22363662     0.015095024
     0.080876896     -0.27241795     0.015466080
     0.076929273     -0.32634551     0.015834665
     0.073229098     -0.38591144     0.016241193
     0.069815724     -0.45155489     0.016724650
      0.11832053     0.061343181     0.010785096
      0.11315626     0.038471027     0.011445120
      0.10805682     0.013425944     0.012093186
      0.10303185    -0.014080783     0.012712542
     0.098092789    -0.044382395     0.013289745
     0.093253282    -0.077862575     0.013816064
     0.088529662     -0.11496092     0.014288660
     0.083941494     -0.15617687     0.014711366
     0.079512230     -0.20207021     0.015094872
     0.075269928     -0.25325514     0.015455870
     0.071247991     -0.31038327     0.015812636
     0.067485831     -0.37410926     0.016162855
      0.11881752      0.11010928     0.010267358
      0.11352763     0.089569739     0.010942084
      0.10829029     0.067033168     0.011612812
      0.10311353     0.042220038     0.012260434
     0.098006931     0.014802772     0.012868717
     0.092982065    -0.015602795     0.013425593
     0.088052924    -0.049446828     0.013924468
     0.083236514    -0.087255199     0.014365170
     0.078553575     -0.12963826     0.014753953
     0.074029439     -0.17729630     0.015101751
     0.069695040     -0.23101738     0.015419204
     0.065588004     -0.29166058     0.015704443
      0.11959435      0.15835555    0.0097092979
      0.11419305      0.14020411     0.010413929
      0.10883310      0.12025766     0.011123660
      0.10352093     0.098254589     0.011816035
     0.098264280     0.073884528     0.012471217
     0.093072559     0.046778034     0.013072782
     0.087957266     0.016494226     0.013609085
     0.082932545    -0.017493678     0.014074960
     0.078015899    -0.055814575     0.014472731
     0.073229098    -0.099216305     0.014811088
     0.068599329     -0.14858030     0.015100792
     0.064160597     -0.20492838     0.015346924
      0.12064559      0.20587022    0.0090789652
      0.11514743      0.19012560    0.0098308599
      0.10968067      0.17280683     0.010598773
      0.10425025      0.15367752     0.011356137
     0.098862156      0.13245460     0.012079477
     0.093523713      0.10879712     0.012747777
     0.088243928     0.082292343     0.013343058
     0.083033992     0.052438271     0.013852782
     0.077907918     0.018622049     0.014273203
     0.072883404    -0.019906000     0.014610920
     0.067982971    -0.064062249     0.014879888
     0.063235473     -0.11496092     0.015094069
      0.12196416      0.25246098    0.0083366003
      0.11638365      0.23910670    0.0091573050
      0.11082599      0.22441020     0.010006313
      0.10529478      0.20816584     0.010851941
     0.099794439      0.19012560     0.011668172
     0.094330353      0.16998820     0.012431071
     0.088909212      0.14738496     0.013116661
     0.083539377      0.12186141     0.013702240
     0.078231413     0.092853236     0.014172292
     0.072998817     0.059655024     0.014526263
     0.067859027     0.021380085     0.014780679
     0.062834822    -0.023089906     0.014961037
      0.12354150      0.29795886    0.0074299422
      0.11789286      0.28694627    0.0083497546
      0.11225996      0.27482691    0.0093094670
      0.10664528      0.26142929     0.010269929
      0.10105187      0.24654558     0.011204700
     0.095483470      0.22992184     0.012091446
     0.089944717      0.21124503     0.012904766
     0.084441448      0.19012560     0.013612389
     0.078981081      0.16607398     0.014179311
     0.073573167      0.13846859     0.014583878
     0.068230182      0.10651209     0.014836129
     0.062968656     0.069171499     0.014975831
      0.12536783      0.34222068    0.0062863501
      0.11966472      0.33347317    0.0073537342
      0.11397167      0.32385096    0.0084673333
      0.10829029      0.31321804    0.0095750914
      0.10262251      0.30140915     0.010653064
     0.096970705      0.28822171     0.011687676
     0.091337852      0.27340487     0.012662335
     0.085727684      0.25664466     0.013545562
     0.080144964      0.23754348     0.014282841
     0.074595855      0.21559143     0.014808459
     0.069088457      0.19012560     0.015093373
     0.063633602      0.16027153     0.015184878
      0.12743246      0.38513018    0.0047985098
      0.12168776      0.37854811    0.0060998899
      0.11594884      0.37131413    0.0074375841
      0.11021663      0.36332724    0.0087370270
      0.10449222      0.35446464    0.0099824005
     0.098776967      0.34457561     0.011177972
     0.093072559      0.33347317     0.012328769
     0.087381121      0.32092274     0.013425089
     0.081705362      0.30662612     0.014419001
     0.076048795      0.29019893     0.015196808
     0.070416043      0.27113779     0.015615312
     0.064813316      0.24877186     0.015665293
      0.12972401      0.42659793    0.0027975604
      0.12394968      0.42206380    0.0045033841
      0.11817814      0.41708668    0.0061853889
      0.11240984      0.41159862    0.0077403410
      0.10664528      0.40551705    0.0091791150
      0.10088512      0.39874075     0.010537079
     0.095130154      0.39114418     0.011850530
     0.089381384      0.38256988     0.013148298
     0.083640088      0.37281765     0.014434602
     0.077907918      0.36162916     0.015629782
     0.072187050      0.34866543     0.016447534
     0.066480399      0.33347317     0.016549477
      0.13223068      0.46656014   7.2103126e-06
      0.12643766      0.46394375    0.0024957123
      0.12064559      0.46107613    0.0047156778
      0.11485462      0.45791930    0.0066048937
      0.10906491      0.45442728    0.0082609002
      0.10327668      0.45054377    0.0097730602
     0.097490195      0.44619919     0.011213871
     0.091705780      0.44130643     0.012647908
     0.085923857      0.43575504     0.014139359
     0.080144964      0.42940287     0.015741774
     0.074369807      0.42206380     0.017359349
     0.068599329      0.41348950     0.018062850
      0.13494047      0.50497673   -0.0038085429
      0.12913864      0.50413999   0.00026626236
      0.12333690      0.50322453    0.0031765421
      0.11753528      0.50221869    0.0054263929
      0.11173379      0.50110840    0.0072926026
      0.10593246      0.49987650    0.0089348955
      0.10013130      0.49850186     0.010459101
     0.094330353      0.49695814     0.011949611
     0.088529662      0.49521213     0.013491723
     0.082729279      0.49322127     0.015196058
     0.076929273      0.49093020     0.017238864
     0.071129737      0.48826551     0.019882292
      0.12064559    -0.024051622     0.011465782
      0.12577009    -0.046155219     0.011283298
      0.13095120    -0.066519054     0.011047535
      0.13618247    -0.085325698     0.010728936
      0.14145834     -0.10273529     0.010292718
      0.14677399     -0.11888845    0.0096965961
      0.15212526     -0.13390888    0.0088867339
      0.15750851     -0.14790557    0.0077901576
      0.16292058     -0.16097476    0.0063003739
      0.16835869     -0.17320164    0.0042502915
      0.17382038     -0.18466178    0.0013662678
      0.17930351     -0.19542235   -0.0026391666
      0.11573083    -0.050162255     0.012144788
      0.12092438    -0.072043881     0.012004513
      0.12617105    -0.092114622     0.011825930
      0.13146448     -0.11057601     0.011579126
      0.13679924     -0.12760295     0.011228768
      0.14217068     -0.14334757     0.010733643
      0.14757479     -0.15794247     0.010045874
      0.15300811     -0.17150355    0.0091089183
      0.15846764     -0.18413242    0.0078538746
      0.16395076     -0.19591835    0.0061978310
      0.16945517     -0.20694005    0.0040710579
      0.17497887     -0.21726707    0.0016333871
      0.11090192    -0.078567520     0.012802231
      0.11616645     -0.10007333     0.012712399
      0.12148004     -0.11970623     0.012602614
      0.12683652     -0.13768733     0.012444049
      0.13223068     -0.15420639     0.012201067
      0.13765808     -0.16942676     0.011831965
      0.14311496     -0.18348949     0.011291112
      0.14859805     -0.19651685     0.010532111
      0.15410457     -0.20861514    0.0095119045
      0.15963208     -0.21987715    0.0081994228
      0.16517849     -0.23038409    0.0066054223
      0.17074194     -0.24020735    0.0048820278
      0.10617060     -0.10953135     0.013420644
      0.11150753     -0.13047058     0.013385279
      0.11688889     -0.14948952     0.013351448
      0.12230879     -0.16682869     0.013293567
      0.12776234     -0.18269205     0.013176661
      0.13324541     -0.19725326     0.012956966
      0.13875449     -0.21066087     0.012585556
      0.14428661     -0.22304243     0.012015557
      0.14983921     -0.23450800     0.011212116
      0.15541010     -0.24515288     0.010164573
      0.16099738     -0.25505998    0.0089055109
      0.16659940     -0.26430167    0.0075491149
      0.10155049     -0.14334757     0.013986107
      0.10696057     -0.16348497     0.014003566
      0.11240984     -0.18167678     0.014046441
      0.11789286     -0.19818148     0.014095531
      0.12340514     -0.21321551     0.014119302
      0.12894292     -0.22696108     0.014072519
      0.13450306     -0.23957243     0.013898650
      0.14008289     -0.25118083     0.013539019
      0.14568015     -0.26189855     0.012948958
      0.15129291     -0.27182213     0.012116178
      0.15691950     -0.28103490     0.011075427
      0.16255848     -0.28960920    0.0099196269
     0.097057480     -0.18034032     0.014490096
      0.10254044     -0.19938764     0.014552032
      0.10805682     -0.21649590     0.014664075
      0.11360176     -0.23193820     0.014817116
      0.11917125     -0.24594018     0.014987933
      0.12476203     -0.25868958     0.015134554
      0.13037134     -0.27034364     0.015193548
      0.13599690     -0.28103490     0.015085627
      0.14163676     -0.29087578     0.014736308
      0.14728929     -0.29996216     0.014108187
      0.15295308     -0.30837626     0.013225766
      0.15862693     -0.31618896     0.012176578
     0.092710055     -0.22086238     0.014931166
     0.098264280     -0.23846921     0.015022254
      0.10384570     -0.25418785     0.015186695
      0.10945016     -0.26829992     0.015428537
      0.11507430     -0.28103490     0.015738491
      0.12071535     -0.29258139     0.016086978
      0.12637106     -0.30309566     0.016413716
      0.13203954     -0.31270816     0.016620255
      0.13771922     -0.32152856     0.016582798
      0.14340877     -0.32964968     0.016201686
      0.14910705     -0.33715055     0.015464526
      0.15481310     -0.34409885     0.014462253
     0.088529662     -0.26529029     0.015316324
     0.094151697     -0.28103490     0.015414664
     0.099794439     -0.29500214     0.015606202
      0.10545456     -0.30747226     0.015909095
      0.11112941     -0.31867040     0.016331310
      0.11681685     -0.32877930     0.016865428
      0.12251511     -0.33794873     0.017473859
      0.12822275     -0.34630247     0.018062790
      0.13393858     -0.35394373     0.018459937
      0.13966159     -0.36095912     0.018449997
      0.14539093     -0.36742190     0.017909183
      0.15112589     -0.37339442     0.016916861
     0.084541084     -0.31401438     0.015662226
     0.090225065     -0.32739588     0.015739538
     0.095923286     -0.33918945     0.015926479
      0.10163335     -0.34965915     0.016253299
      0.10735337     -0.35901409     0.016743160
      0.11308184     -0.36742190     0.017414052
      0.11881752     -0.37501847     0.018269063
      0.12455944     -0.38191504     0.019264592
      0.13030675     -0.38820352     0.020241657
      0.13605878     -0.39396051     0.020854062
      0.14181496     -0.39925032     0.020696727
      0.14757479     -0.40412734     0.019714588
     0.080772740     -0.36742190     0.015996875
     0.086509708     -0.37785557     0.016016382
     0.092254922     -0.38699060     0.016162914
     0.098006931     -0.39505398     0.016473319
      0.10376461     -0.40222294     0.016977473
      0.10952705     -0.40863786     0.017711009
      0.11529356     -0.41441129     0.018717063
      0.12106354     -0.41963456     0.020032584
      0.12683652     -0.42438247     0.021626925
      0.13261211     -0.42871690     0.023208256
      0.13838999     -0.43268948     0.023949506
      0.14416987     -0.43634358     0.023115876
     0.077256866     -0.42587049     0.016362860
     0.083033992     -0.43268948     0.016270298
     0.088814477     -0.43862109     0.016337929
     0.094597705     -0.44382761     0.016595218
      0.10038320     -0.44843409     0.017064402
      0.10617060     -0.45253846     0.017783411
      0.11195959     -0.45621843     0.018814239
      0.11774996     -0.45953653     0.020250535
      0.12354150     -0.46254355     0.022216406
      0.12933406     -0.46528124     0.024786108
      0.13512750     -0.46778420     0.027411028
      0.14092172     -0.47008135     0.027562966
     0.074029439     -0.48965004     0.016812236
     0.079829224     -0.49211735     0.016515286
     0.085629428     -0.49425041     0.016470591
     0.091429973     -0.49611283     0.016649520
     0.097230797     -0.49775303     0.017049112
      0.10303185     -0.49920853     0.017695494
      0.10883310     -0.50050887     0.018645410
      0.11463452     -0.50167759     0.019997527
      0.12043608     -0.50273372     0.021918414
      0.12623776     -0.50369278     0.024694609
      0.13203954     -0.50456755     0.028807575
      0.13784142     -0.50536868     0.033613266
      0.12064559      -1.0231459     0.020173140
      0.11573083     -0.99703530     0.020268292
      0.11090192     -0.96863003     0.020361602
      0.10617060     -0.93766620     0.020437315
      0.10155049     -0.90384998     0.020480209
     0.097057480     -0.86685723     0.020475502
     0.092710055     -0.82633517     0.020408433
     0.088529662     -0.78190727     0.020263089
     0.084541084     -0.73318317     0.020019813
     0.080772740     -0.67977565     0.019650161
     0.077256866     -0.62132707     0.019108082
     0.074029439     -0.55754751     0.018326918
      0.12577009      -1.0010423     0.020481355
      0.12092438     -0.97515367     0.020587931
      0.11616645     -0.94712422     0.020700822
      0.11150753     -0.91672697     0.020802498
      0.10696057     -0.88371258     0.020875076
      0.10254044     -0.84780991     0.020900827
     0.098264280     -0.80872834     0.020862842
     0.094151697     -0.76616265     0.020745450
     0.090225065     -0.71980168     0.020533893
     0.086509708     -0.66934198     0.020213508
     0.083033992     -0.61450807     0.019772077
     0.079829224     -0.55508020     0.019227061
      0.13095120     -0.98067850     0.020757091
      0.12617105     -0.95508293     0.020883697
      0.12148004     -0.92749132     0.021026150
      0.11688889     -0.89770804     0.021166068
      0.11240984     -0.86552078     0.021283309
      0.10805682     -0.83070165     0.021356731
      0.10384570     -0.79300970     0.021365835
     0.099794439     -0.75219541     0.021293033
     0.095923286     -0.70800810     0.021125839
     0.092254922     -0.66020695     0.020858813
     0.088814477     -0.60857646     0.020497705
     0.085629428     -0.55294714     0.020074759
      0.13618247     -0.96187185     0.020984265
      0.13146448     -0.93662154     0.021138626
      0.12683652     -0.90951022     0.021319850
      0.12230879     -0.88036886     0.021510053
      0.11789286     -0.84901607     0.021687851
      0.11360176     -0.81525936     0.021828630
      0.10945016     -0.77889763     0.021906490
      0.10545456     -0.73972529     0.021898182
      0.10163335     -0.69753840     0.021788223
     0.098006931     -0.65214357     0.021573496
     0.094597705     -0.60336994     0.021266783
     0.091429973     -0.55108472     0.020901877
      0.14145834     -0.94446226     0.021147025
      0.13679924     -0.91959460     0.021335265
      0.13223068     -0.89299116     0.021562509
      0.12776234     -0.86450551     0.021813114
      0.12340514     -0.83398204     0.022066497
      0.11917125     -0.80125737     0.022295917
      0.11507430     -0.76616265     0.022469199
      0.11112941     -0.72852715     0.022553105
      0.10735337     -0.68818346     0.022521763
      0.10376461     -0.64497461     0.022366199
      0.10038320     -0.59876346     0.022099942
     0.097230797     -0.54944452     0.021758709
      0.14677399     -0.92830910     0.021229935
      0.14217068     -0.90384998     0.021456511
      0.13765808     -0.87777079     0.021734374
      0.13324541     -0.84994429     0.022051791
      0.12894292     -0.82023647     0.022392016
      0.12476203     -0.78850797     0.022729851
      0.12071535     -0.75461616     0.023029033
      0.11681685     -0.71841825     0.023243723
      0.11308184     -0.67977565     0.023328295
      0.10952705     -0.63855970     0.023255110
      0.10617060     -0.59465910     0.023029916
      0.10303185     -0.54798902     0.022692259
      0.15212526     -0.91328867     0.021217463
      0.14757479     -0.88925508     0.021486189
      0.14311496     -0.86370806     0.021817138
      0.13875449     -0.83653668     0.022203103
      0.13450306     -0.80762512     0.022634344
      0.13037134     -0.77685391     0.023093058
      0.12637106     -0.74410189     0.023546285
      0.12251511     -0.70924883     0.023939678
      0.11881752     -0.67217908     0.024200478
      0.11529356     -0.63278626     0.024261322
      0.11195959     -0.59097912     0.024099349
      0.10883310     -0.54668868     0.023754939
      0.15750851     -0.89929199     0.021092218
      0.15300811     -0.87569400     0.021408910
      0.14859805     -0.85068070     0.021795744
      0.14428661     -0.82415512     0.022248384
      0.14008289     -0.79601672     0.022765908
      0.13599690     -0.76616265     0.023343848
      0.13203954     -0.73448939     0.023964328
      0.12822275     -0.70089508     0.024580868
      0.12455944     -0.66528251     0.025101666
      0.12106354     -0.62756299     0.025396264
      0.11774996     -0.58766102     0.025362799
      0.11463452     -0.54551996     0.025016192
      0.16292058     -0.88622279     0.020830995
      0.15846764     -0.86306513     0.021208856
      0.15410457     -0.83858241     0.021659796
      0.14983921     -0.81268955     0.022177403
      0.14568015     -0.78529900     0.022769408
      0.14163676     -0.75632177     0.023447681
      0.13771922     -0.72566899     0.024219277
      0.13393858     -0.69325382     0.025070206
      0.13030675     -0.65899403     0.025930417
      0.12683652     -0.62281508     0.026622227
      0.12354150     -0.58465400     0.026880372
      0.12043608     -0.54446383     0.026579418
      0.16835869     -0.87399591     0.020396826
      0.16395076     -0.85127920     0.020868128
      0.15963208     -0.82732041     0.021405274
      0.15541010     -0.80204467     0.021991856
      0.15129291     -0.77537543     0.022644844
      0.14728929     -0.74723539     0.023392254
      0.14340877     -0.71754787     0.024266716
      0.13966159     -0.68623843     0.025299173
      0.13605878     -0.65323704     0.026494849
      0.13261211     -0.61848065     0.027748243
      0.12933406     -0.58191631     0.028654354
      0.12623776     -0.54350478     0.028607922
      0.17382038     -0.86253578     0.019723078
      0.16945517     -0.84025751     0.020371217
      0.16517849     -0.81681346     0.021041438
      0.16099738     -0.79213757     0.021709476
      0.15691950     -0.76616265     0.022412732
      0.15295308     -0.73882129     0.023196146
      0.14910705     -0.71004701     0.024110355
      0.14539093     -0.67977565     0.025217676
      0.14181496     -0.64794723     0.026597034
      0.13838999     -0.61450807     0.028325513
      0.13512750     -0.57941335     0.030292843
      0.13203954     -0.54263000     0.031326631
      0.17930351     -0.85177521     0.018697725
      0.17497887     -0.82993048     0.019763175
      0.17074194     -0.80699020     0.020618708
      0.16659940     -0.78289588     0.021373323
      0.16255848     -0.75758835     0.022114040
      0.15862693     -0.73100859     0.022904462
      0.15481310     -0.70309870     0.023803749
      0.15112589     -0.67380313     0.024881258
      0.14757479     -0.64307021     0.026233903
      0.14416987     -0.61085397     0.028014674
      0.14092172     -0.57711621     0.030483911
      0.13784142     -0.54182887     0.033962376
      0.11810689      -1.0594810     0.019803343
      0.11832053      -1.1085407     0.019375759
      0.11881752      -1.1573068     0.018917114
      0.11959435      -1.2055531     0.018404314
      0.12064559      -1.2530678     0.017808814
      0.12196416      -1.2996585     0.017093373
      0.12354150      -1.3451564     0.016207210
      0.12536783      -1.3894182     0.015077909
      0.12743246      -1.4323277     0.013596822
      0.12972401      -1.4737955     0.011591452
      0.13223068      -1.5137577    0.0087770637
      0.13494047      -1.5521743    0.0049031473
      0.11308184      -1.0343682     0.019894582
      0.11315626      -1.0856686     0.019471353
      0.11352763      -1.1367673     0.019028836
      0.11419305      -1.1874017     0.018547866
      0.11514743      -1.2373232     0.018005635
      0.11638365      -1.2863043     0.017373165
      0.11789286      -1.3341438     0.016612182
      0.11966472      -1.3806707     0.015671190
      0.12168776      -1.4257457     0.014481036
      0.12394968      -1.4692613     0.012954228
      0.12643766      -1.5111413     0.011016961
      0.12913864      -1.5513375    0.0088547608
      0.10813470      -1.0069391     0.019984053
      0.10805682      -1.0606235     0.019571017
      0.10829029      -1.1142307     0.019148326
      0.10883310      -1.1674552     0.018700731
      0.10968067      -1.2200044     0.018211071
      0.11082599      -1.2716078     0.017658285
      0.11225996      -1.3220245     0.017015478
      0.11397167      -1.3710485     0.016248634
      0.11594884      -1.4185117     0.015317601
      0.11817814      -1.4642842     0.014184389
      0.12064559      -1.5082737     0.012845641
      0.12333690      -1.5504221     0.011436369
      0.10327668     -0.97690498     0.020057789
      0.10303185      -1.0331168     0.019661284
      0.10311353      -1.0894176     0.019261457
      0.10352093      -1.1454521     0.018846774
      0.10425025      -1.2008751     0.018405324
      0.10529478      -1.2553634     0.017923048
      0.10664528      -1.3086268     0.017382158
      0.10829029      -1.3604156     0.016760610
      0.11021663      -1.4105248     0.016034304
      0.11240984      -1.4587962     0.015185211
      0.11485462      -1.5051169     0.014221777
      0.11753528      -1.5494162     0.013221288
     0.098520957     -0.94393914     0.020103053
     0.098092789      -1.0028152     0.019731038
     0.098006931      -1.0620003     0.019357880
     0.098264280      -1.1210821     0.018975422
     0.098862156      -1.1796521     0.018576554
     0.099794439      -1.2373232     0.018153472
      0.10105187      -1.2937431     0.017695921
      0.10262251      -1.3486067     0.017190164
      0.10449222      -1.4016622     0.016620363
      0.10664528      -1.4527146     0.015974664
      0.10906491      -1.5016248     0.015257997
      0.11173379      -1.5483060     0.014512001
     0.093883075     -0.90767348     0.020107768
     0.093253282     -0.96933498     0.019770774
     0.092982065      -1.0315948     0.019430148
     0.093072559      -1.0939756     0.019080584
     0.093523713      -1.1559947     0.018719265
     0.094330353      -1.2171858     0.018344100
     0.095483470      -1.2771194     0.017951728
     0.096970705      -1.3354193     0.017535457
     0.098776967      -1.3917732     0.017084655
      0.10088512      -1.4459383     0.016588347
      0.10327668      -1.4977413     0.016044538
      0.10593246      -1.5470741     0.015472877
     0.089381384     -0.86769763     0.020059604
     0.088529662     -0.93223663     0.019771580
     0.088052924     -0.99775072     0.019472539
     0.087957266      -1.0636918     0.019159301
     0.088243928      -1.1294899     0.018832748
     0.088909212      -1.1945825     0.018495854
     0.089944717      -1.2584426     0.018151835
     0.091337852      -1.3206024     0.017801467
     0.093072559      -1.3806707     0.017439907
     0.095130154      -1.4383417     0.017056441
     0.097490195      -1.4933967     0.016641524
      0.10013130      -1.5456994     0.016199049
     0.085037513     -0.82356093     0.019944476
     0.083941494     -0.89102068     0.019723923
     0.083236514     -0.95994235     0.019479740
     0.082932545      -1.0297039     0.019210127
     0.083033992      -1.0996358     0.018919286
     0.083539377      -1.1690590     0.018614433
     0.084441448      -1.2373232     0.018304426
     0.085727684      -1.3038422     0.017997885
     0.087381121      -1.3681203     0.017698762
     0.089381384      -1.4297674     0.017400419
     0.091705780      -1.4885040     0.017086910
     0.094330353      -1.5441557     0.016747530
     0.080876896     -0.77477960     0.019744127
     0.079512230     -0.84512734     0.019616489
     0.078553575     -0.91755929     0.019445844
     0.078015899     -0.99138298     0.019231585
     0.077907918      -1.0658196     0.018981956
     0.078231413      -1.1400508     0.018708075
     0.078981081      -1.2132715     0.018422743
     0.080144964      -1.2847410     0.018140560
     0.081705362      -1.3538237     0.017876039
     0.083640088      -1.4200152     0.017635042
     0.085923857      -1.4829526     0.017402640
     0.088529662      -1.5424097     0.017151910
     0.076929273     -0.72085204     0.019432245
     0.075269928     -0.79394241     0.019435845
     0.074029439     -0.86990125     0.019364599
     0.073229098     -0.94798125     0.019221620
     0.072883404      -1.0272916     0.019022698
     0.072998817      -1.1068526     0.018784241
     0.073573167      -1.1856661     0.018521931
     0.074595855      -1.2627890     0.018252484
     0.076048795      -1.3373965     0.017996112
     0.077907918      -1.4088267     0.017775610
     0.080144964      -1.4766004     0.017598409
     0.082729279      -1.5404188     0.017428664
     0.073229098     -0.66128611     0.018969755
     0.071247991     -0.73681429     0.019170286
     0.069695040     -0.81618017     0.019232931
     0.068599329     -0.89861725     0.019179359
     0.067982971     -0.98313530     0.019042167
     0.067859027      -1.0685776     0.018846887
     0.068230182      -1.1537096     0.018613032
     0.069088457      -1.2373232     0.018357392
     0.070416043      -1.3183353     0.018097875
     0.072187050      -1.3958630     0.017859206
     0.074369807      -1.4692613     0.017680573
     0.076929273      -1.5381277     0.017577219
     0.069815724     -0.59564266     0.018324445
     0.067485831     -0.67308829     0.018834330
     0.065588004     -0.75553697     0.019062531
     0.064160597     -0.84226918     0.019110489
     0.063235473     -0.93223663     0.019042388
     0.062834822      -1.0241076     0.018896940
     0.062968656      -1.1163691     0.018699172
     0.063633602      -1.2074691     0.018466996
     0.064813316      -1.2959694     0.018215247
     0.066480399      -1.3806707     0.017959027
     0.068599329      -1.4606871     0.017719331
     0.071129737      -1.5354631     0.017572265
      0.12313197      -1.0589797     0.019929295
      0.12815708      -1.0358774     0.020249417
      0.13324541      -1.0145290     0.020536607
      0.13838999     -0.99475928     0.020775319
      0.14358476     -0.97641334     0.020950701
      0.14882449     -0.95935382     0.021048609
      0.15410457     -0.94345895     0.021055045
      0.15942100     -0.92862067     0.020954650
      0.16477026     -0.91474295     0.020727934
      0.17014926     -0.90174030     0.020347746
      0.17555525     -0.88953649     0.019784813
      0.18098583     -0.87806342     0.019150730
      0.12333690      -1.1060428     0.019517186
      0.12822275      -1.0811463     0.019873753
      0.13318222      -1.0580905     0.020204398
      0.13820737      -1.0367007     0.020492965
      0.14329131      -1.0168200     0.020724458
      0.14842800     -0.99830855     0.020885293
      0.15361213     -0.98104093     0.020963369
      0.15883907     -0.96490521     0.020947841
      0.16410473     -0.94980126     0.020828846
      0.16940548     -0.93563947     0.020599046
      0.17473815     -0.92233952     0.020265456
      0.18009990     -0.90982937     0.019902047
      0.12381377      -1.1528466     0.019073058
      0.12855060      -1.1262765     0.019477590
      0.13337171      -1.1016108     0.019863444
      0.13826827      -1.0786790     0.020212789
      0.14323255      -1.0573262     0.020509366
      0.14825775      -1.0374123     0.020738792
      0.15333787      -1.0188109     0.020889159
      0.15846764      -1.0014081     0.020951815
      0.16364239     -0.98510130     0.020922291
      0.16885797     -0.96979797     0.020802287
      0.17411073     -0.95541480     0.020606133
      0.17939739     -0.94187669     0.020377850
      0.12455944      -1.1991907     0.018572707
      0.12913864      -1.1710863     0.019038676
      0.13381282      -1.1449258     0.019494003
      0.13857236      -1.1205467     0.019918344
      0.14340877      -1.0977991     0.020293362
      0.14831452      -1.0765459     0.020602530
      0.15328296      -1.0566620     0.020831890
      0.15830819      -1.0380335     0.020971819
      0.16338496      -1.0205569     0.021019180
      0.16850863      -1.0041383     0.020979266
      0.17367503     -0.98869263     0.020868141
      0.17888046     -0.97414255     0.020717000
      0.12556912      -1.2448866     0.017986430
      0.12998333      -1.2154020     0.018530508
      0.13450306      -1.1878763     0.019072683
      0.13911804      -1.1621585     0.019589568
      0.14381909      -1.1381068     0.020060802
      0.14859805      -1.1155899     0.020467272
      0.15344764      -1.0944861     0.020790984
      0.15836136      -1.0746835     0.021017489
      0.16333343      -1.0560796     0.021140285
      0.16835869      -1.0385806     0.021164677
      0.17343250      -1.0221006     0.021108612
      0.17855073      -1.0065615     0.021000895
      0.12683652      -1.2897614     0.017276188
      0.13107971      -1.2590610     0.017920717
      0.13543864      -1.2303109     0.018571489
      0.13990249      -1.2033744     0.019201596
      0.14446154      -1.1781207     0.019790061
      0.14910705      -1.1544263     0.020316879
      0.15383119      -1.1321752     0.020759945
      0.15862693      -1.1112598     0.021096140
      0.16348798      -1.0915799     0.021308350
      0.16840868      -1.0730433     0.021395555
      0.17338395      -1.0555648     0.021377320
      0.17840922      -1.0390660     0.021287949
      0.12835399      -1.3336620     0.016391355
      0.13242153      -1.3019156     0.017169403
      0.13661451      -1.2720893     0.017957917
      0.14092172      -1.2440625     0.018725334
      0.14533302      -1.2177175     0.019452938
      0.14983921      -1.1929408     0.020124731
      0.15443199      -1.1696241     0.020719114
      0.15910385      -1.1476653     0.021204135
      0.16384803      -1.1269687     0.021542461
      0.16865843      -1.1074447     0.021711481
      0.17352955      -1.0890101     0.021725202
      0.17845640      -1.0715878     0.021631048
      0.13011279      -1.3764565     0.015261680
      0.13400142      -1.3438352     0.016227286
      0.13802452      -1.3130845     0.017196504
      0.14217068      -1.2841012     0.018130739
      0.14642945      -1.2567819     0.019017942
      0.15079129      -1.2310249     0.019853942
      0.15524751      -1.2067311     0.020628600
      0.15979021      -1.1838057     0.021312036
      0.16441223      -1.1621585     0.021844435
      0.16910706      -1.1417040     0.022153026
      0.17386881      -1.1223622     0.022213980
      0.17869211      -1.1040581     0.022090518
      0.13210329      -1.4180357     0.013785258
      0.13581107      -1.3847081     0.015034670
      0.13966159      -1.3531848     0.016253053
      0.14364338      -1.3233808     0.017393482
      0.14774583      -1.2952081     0.018458828
      0.15195916      -1.2685774     0.019466186
      0.15627440      -1.2434005     0.020430220
      0.16068334      -1.2195907     0.021346857
      0.16517849      -1.1970647     0.022163049
      0.16975298      -1.1757423     0.022741500
      0.17440059      -1.1555477     0.022925899
      0.17911561      -1.1364088     0.022749796
      0.13431517      -1.4583133     0.011810353
      0.13784142      -1.4244417     0.013528376
      0.14151784      -1.3922947     0.015106367
      0.14533302      -1.3618053     0.016506084
      0.14927633      -1.3329010     0.017767078
      0.15333787      -1.3055060     0.018939629
      0.15750851      -1.2795432     0.020071099
      0.16177981      -1.2549354     0.021200809
      0.16614400      -1.2316069     0.022339498
      0.17059396      -1.2094839     0.023384743
      0.17512315      -1.1884954     0.023955746
      0.17972557      -1.1685734     0.023742995
      0.13673769      -1.4972251    0.0091370440
      0.14008289      -1.4629631     0.011692760
      0.14358476      -1.4303355     0.013782997
      0.14723213      -1.3992928     0.015497380
      0.15101444      -1.3697778     0.016965181
      0.15492181      -1.3417281     0.018286303
      0.15894503      -1.3150784     0.019540888
      0.16307552      -1.2897614     0.020803338
      0.16730534      -1.2657098     0.022153205
      0.17162713      -1.2428568     0.023664633
      0.17603413      -1.2211372     0.025184767
      0.18052009      -1.2004877     0.025316253
      0.13935988      -1.5347276    0.0060572180
      0.14252552      -1.5002178    0.0098086993
      0.14585341      -1.4672450     0.012447088
      0.14933271      -1.4357757     0.014465550
      0.15295308      -1.4057676     0.016118719
      0.15670476      -1.3771716     0.017557501
      0.16057853      -1.3499339     0.018886069
      0.16456577      -1.3239976     0.020191963
      0.16865843      -1.2993041     0.021568821
      0.17284904      -1.2757942     0.023144709
      0.17713063      -1.2534089     0.025136829
      0.18149677      -1.2320904     0.027993709
